0.4245786666870117
0.49749520421028137
0.3555193543434143
0.4696723520755768
0.33500155806541443
0.3223586678504944
0.33804887533187866
0.5051230192184448
0.3700272738933563
0.43232908844947815
0.4049570560455322
0.32157444953918457
0.34315961599349976
0.38379284739494324
0.30673760175704956
0.383521169424057
0.32509690523147583
0.4423263370990753
0.46990543603897095
0.34546327590942383
0.36805489659309387
0.38856056332588196
0.24631580710411072
0.4279884994029999
0.31796813011169434
0.35608285665512085
0.3659760057926178
0.33781808614730835
0.34299495816230774
0.344749391078949
0.4029282331466675
0.36540836095809937
0.4505423903465271
0.34375280141830444
0.36187881231307983
0.37870144844055176
0.2633521854877472
0.37031832337379456
0.36893707513809204
0.25682979822158813
0.3354346454143524
0.35032758116722107
0.4300430715084076
0.3469679355621338
0.31743961572647095
0.38789722323417664
0.42102184891700745
0.3696712851524353
0.49639126658439636
0.5046079754829407
0.38888320326805115
0.3124101459980011
0.3650762140750885
0.4151977002620697
0.4238203167915344
0.34570586681365967
0.29963746666908264
0.42451122403144836
0.2861853837966919
0.37146419286727905
0.36223912239074707
0.31897884607315063
0.47514835000038147
0.3269156813621521
0.3507148325443268
0.2967251241207123
0.6216447949409485
0.4615184962749481
0.3949294686317444
0.3566690981388092
0.3028980493545532
0.36174508929252625
0.3162258565425873
0.37110212445259094
0.37213799357414246
0.3758353888988495
0.2748367190361023
0.3534485101699829
0.37738052010536194
0.3712040185928345
0.4963948726654053
0.34506914019584656
0.34971433877944946
0.29774922132492065
0.4159787893295288
0.3571784496307373
0.6048797369003296
0.3388923704624176
0.35428178310394287
0.2931605577468872
0.4006812274456024
0.39699897170066833
0.3941556513309479
0.4368504285812378
0.3016338348388672
0.37867411971092224
0.5198812484741211
0.3825749158859253
0.4426010847091675
0.3617796003818512
0.37715357542037964
0.35103553533554077
0.3469811975955963
0.2880193293094635
0.42958489060401917
0.25123873353004456
0.4567202031612396
0.30854931473731995
0.3605813980102539
0.3960423171520233
0.42242053151130676
0.4813050329685211
0.36615824699401855
0.30675846338272095
0.29188844561576843
0.42261388897895813
0.4218997657299042
0.4563648998737335
0.4142135679721832
0.33436644077301025
0.36642026901245117
0.482298880815506
0.35203880071640015
0.504908561706543
0.35022372007369995
0.42536914348602295
0.41065046191215515
0.3353517949581146
0.4282456040382385
0.36157554388046265
0.2870766222476959
0.3662378787994385
0.3835274279117584
0.3637768030166626
0.39978060126304626
0.38120323419570923
0.3583790361881256
0.2753433883190155
0.34209713339805603
0.3877183198928833
0.4737221300601959
0.4172833561897278
0.4739258885383606
0.3721315562725067
0.370713472366333
0.5143782496452332
0.3644399642944336
0.4666650593280792
0.3240267336368561
0.3136509954929352
0.3134291172027588
0.4859333634376526
0.4455840587615967
0.36356601119041443
0.4156692624092102
0.25439348816871643
0.2884078919887543
0.32912975549697876
0.36684513092041016
0.35997509956359863
0.41225722432136536
0.3953053653240204
0.42042770981788635
0.3783763647079468
0.32802021503448486
0.3542068898677826
0.39783817529678345
0.4715229570865631
0.46825358271598816
0.35376080870628357
0.27541959285736084
0.4569190740585327
0.43956294655799866
0.234165221452713
0.36473920941352844
0.4164867103099823
0.3447551131248474
0.3395707309246063
0.4189075231552124
0.5042502880096436
0.2943856716156006
0.27609845995903015
0.3142664134502411
0.48997387290000916
0.4393433928489685
0.5088000893592834
0.31874513626098633
0.32733970880508423
0.38860365748405457
0.2638493776321411
0.37430340051651
0.3251578211784363
0.37021949887275696
0.3815329968929291
0.4420628249645233
0.23543430864810944
0.4517424404621124
0.44568803906440735
0.4093846082687378
0.4071245491504669
0.3871006369590759
0.47520893812179565
0.3131220042705536
0.4190320372581482
0.3470461964607239
0.41211551427841187
0.2933310866355896
0.4755016565322876
0.25632020831108093
0.3412579894065857
0.31507259607315063
0.23061418533325195
0.3808375298976898
0.3150787949562073
0.32170161604881287
0.3684823215007782
0.4339678883552551
0.3115174174308777
0.5659518837928772
0.30218902230262756
0.4251096248626709
0.22884602844715118
0.3085208833217621
0.3474198281764984
0.3255809545516968
0.425507128238678
0.5503354072570801
0.40005552768707275
0.2615807056427002
0.303102970123291
0.5133106112480164
0.5385488271713257
0.5038751363754272
0.4641174077987671
0.3868364691734314
0.3542245626449585
0.3905147612094879
0.3936004638671875
0.3956671953201294
0.3353461027145386
0.6056003570556641
0.4770227074623108
0.3684263825416565
0.3671245872974396
0.3533742129802704
0.30087777972221375
0.326211154460907
0.27892372012138367
0.410469114780426
0.4375397264957428
0.4484565854072571
0.30684158205986023
0.3707658350467682
0.2396020144224167
0.2539175748825073
0.4023283123970032
0.5803137421607971
0.2510373890399933
0.3609068691730499
0.354632169008255
0.4106910526752472
0.44087791442871094
0.35730013251304626
0.35065218806266785
0.5285981297492981
0.4335497319698334
0.38027092814445496
0.3171745836734772
0.43880051374435425
0.3575398325920105
0.26902738213539124
0.34264135360717773
0.563423752784729
0.32202547788619995
0.37173008918762207
0.31264662742614746
0.26837101578712463
0.43814554810523987
0.8383867740631104
0.2919847369194031
0.3851664662361145
0.4834861159324646
0.30744224786758423
0.41940099000930786
0.32332926988601685
0.27192455530166626
0.31711816787719727
0.3689621388912201
0.5843956470489502
0.32101374864578247
0.5235723257064819
0.2952807545661926
0.21676407754421234
0.30020633339881897
0.41796883940696716
0.1805468648672104
0.32168048620224
0.32140424847602844
0.3343883156776428
0.3145512640476227
0.3712886571884155
0.27460554242134094
0.3729894757270813
0.33705934882164
0.4255134165287018
0.4054148197174072
0.4003092646598816
0.3231017291545868
0.42220279574394226
0.353715181350708
0.32868048548698425
0.40727853775024414
0.39946767687797546
0.37605804204940796
0.30401140451431274
0.4344526529312134
0.2560736835002899
0.572996199131012
0.4458974599838257
0.2653029263019562
0.32132279872894287
0.27319279313087463
0.39236190915107727
0.35610663890838623
0.4141427278518677
0.35330089926719666
0.38844212889671326
0.371296763420105
0.37152817845344543
0.28345414996147156
0.2821234464645386
0.3600427508354187
0.2918221652507782
0.3918303847312927
0.3105165958404541
0.46545663475990295
0.3752422630786896
0.21822196245193481
0.34030985832214355
0.339949369430542
0.30904620885849
0.45743826031684875
0.4682174623012543
0.2897723317146301
0.3457633852958679
0.399539053440094
0.45188596844673157
0.3825018107891083
0.3145105242729187
0.4162386953830719
0.6064029932022095
0.28088515996932983
0.46176546812057495
0.269883930683136
0.3691461384296417
0.3680546283721924
0.3153619170188904
0.3084540069103241
0.3526313304901123
0.5330089926719666
0.3438192903995514
0.2512141764163971
0.28988152742385864
0.4192858338356018
0.40470361709594727
0.3208733797073364
0.2314528226852417
0.30420002341270447
0.2290119081735611
0.4649659991264343
0.3424062430858612
0.39070403575897217
0.28063881397247314
0.4075421988964081
0.27773454785346985
0.4415712356567383
0.46570685505867004
0.24454770982265472
0.31031185388565063
0.2738242447376251
0.45242366194725037
0.5301719903945923
0.42747703194618225
0.29918769001960754
0.3365580141544342
0.5021133422851562
0.34471964836120605
0.512438178062439
0.35612598061561584
0.3814908564090729
0.26712766289711
0.3952876329421997
0.4142167568206787
0.31818562746047974
0.35887083411216736
0.2809578776359558
0.2549494504928589
0.2981646955013275
0.25199389457702637
0.4529840052127838
0.32981574535369873
0.42642948031425476
0.3655250668525696
0.35799160599708557
0.3426036238670349
0.3942927122116089
0.26708948612213135
0.3216416537761688
0.3540470004081726
0.2750582993030548
0.4021010398864746
0.33211788535118103
0.3447750508785248
0.294827938079834
0.4232216477394104
0.5256593227386475
0.3417155146598816
0.3643703758716583
0.3428911566734314
0.3643057644367218
0.28265172243118286
0.3344420790672302
0.38851243257522583
0.5093245506286621
0.2670927047729492
0.4234865605831146
0.45003005862236023
0.34736189246177673
0.42843031883239746
0.26274529099464417
0.41676437854766846
0.24590228497982025
0.35310134291648865
0.3827316164970398
0.34583961963653564
0.3184549808502197
0.445736289024353
0.3548465669155121
0.3112317621707916
0.4469418525695801
0.3195921778678894
0.3471563756465912
0.3632800877094269
0.3281816244125366
0.3431771397590637
0.3463306427001953
0.43428194522857666
0.31142354011535645
0.5051604509353638
0.48637378215789795
0.3565106689929962
0.31687310338020325
0.28285083174705505
0.24485814571380615
0.1861732006072998
0.34365665912628174
0.2403002679347992
0.26560884714126587
0.3458544611930847
0.27265068888664246
0.5675625205039978
0.393368661403656
0.40185844898223877
0.428308367729187
0.2868928015232086
0.4456791579723358
0.41554397344589233
0.21959923207759857
0.4469895362854004
0.3566012680530548
0.5113363862037659
0.32371366024017334
0.4171462059020996
0.3425664007663727
0.3277777433395386
0.3652832508087158
0.26383090019226074
0.306903600692749
0.44067999720573425
0.2679588198661804
0.2959347367286682
0.33086299896240234
0.37707754969596863
0.348341703414917
0.20658057928085327
0.38525912165641785
0.31258514523506165
0.5290462970733643
0.3685796558856964
0.27250948548316956
0.5261982679367065
0.5087979435920715
0.32442882657051086
0.4970164895057678
0.23771734535694122
0.3432217240333557
0.40487751364707947
0.5284503698348999
0.5821845531463623
0.43917033076286316
0.32262805104255676
0.4418577253818512
0.46027177572250366
0.3732427954673767
0.2129494845867157
0.5322100520133972
0.40408438444137573
0.5568127632141113
0.21474778652191162
0.3089755177497864
0.25772586464881897
0.3086452782154083
0.279777854681015
0.2959898114204407
0.3116995692253113
0.3347936272621155
0.36134785413742065
0.44109630584716797
0.35982105135917664
0.5125494003295898
0.34102603793144226
0.3913764953613281
0.22352837026119232
0.3445901870727539
0.45588815212249756
0.3024143576622009
0.45754191279411316
0.3848266303539276
0.5005875825881958
0.3225688934326172
0.38014382123947144
0.314026802778244
0.5069747567176819
0.34937751293182373
0.39905354380607605
0.3052452504634857
0.3640158474445343
0.47124144434928894
0.37885016202926636
0.38537535071372986
0.5069635510444641
0.4259118437767029
0.2538246810436249
0.3359247148036957
0.296091765165329
0.4581175148487091
0.34594887495040894
0.26577359437942505
0.19877013564109802
0.278865247964859
0.46924063563346863
0.39035844802856445
0.3240292966365814
0.30307483673095703
0.4966312646865845
0.30795127153396606
0.37741440534591675
0.2084840089082718
0.2521999180316925
0.31332874298095703
0.46898403763771057
0.30749619007110596
0.33114638924598694
0.4076816141605377
0.2823667526245117
0.24955090880393982
0.281088650226593
0.249189093708992
0.4120963513851166
0.31878283619880676
0.18839971721172333
0.34733787178993225
0.2870292663574219
0.29265809059143066
0.2810893952846527
0.47616589069366455
0.4306506812572479
0.2915855348110199
0.482345849275589
0.48245635628700256
0.4148717224597931
0.33449018001556396
0.395170122385025
0.23195257782936096
0.23608095943927765
0.26250800490379333
0.3216732144355774
0.23954066634178162
0.3282961845397949
0.25167298316955566
0.3922119736671448
0.34676146507263184
0.3546854853630066
0.19193913042545319
0.4754180908203125
0.28805118799209595
0.30261892080307007
0.22492465376853943
0.4609595537185669
0.31764936447143555
0.27739253640174866
0.3817843794822693
0.2333330661058426
0.3600555658340454
0.29783332347869873
0.36800920963287354
0.36802101135253906
0.2808620035648346
0.38104501366615295
0.4337470829486847
0.2401035875082016
0.3322655260562897
0.4807257354259491
0.43468791246414185
0.33501923084259033
0.47319647669792175
0.401389479637146
0.2660903036594391
0.3801775574684143
0.33631622791290283
0.33602043986320496
0.4003651440143585
0.2102508246898651
0.2934057116508484
0.36934635043144226
0.30699217319488525
0.446479856967926
0.49853113293647766
0.26506003737449646
0.41520750522613525
0.4564458429813385
0.3424656391143799
0.6223809719085693
0.42057183384895325
0.30342966318130493
0.3219687342643738
0.24453920125961304
0.4136914312839508
0.3663938343524933
0.39698997139930725
0.45902398228645325
0.3169448673725128
0.4947699010372162
0.4789324700832367
0.3932529389858246
0.28864356875419617
0.3117092549800873
0.32534897327423096
0.27601370215415955
0.39540255069732666
0.2483275979757309
0.21820180118083954
0.3097015917301178
0.2739386558532715
0.29605570435523987
0.34530550241470337
0.38332659006118774
0.29629912972450256
0.3938104808330536
0.4274875223636627
0.30461224913597107
0.2802884876728058
0.30192285776138306
0.44464972615242004
0.3432419002056122
0.38958975672721863
0.24365878105163574
0.3911069631576538
0.33876797556877136
0.2657453715801239
0.21998414397239685
0.3536083698272705
0.23128709197044373
0.35876229405403137
0.3034032881259918
0.1386149674654007
0.4838328957557678
0.31917208433151245
0.3593258857727051
0.41326236724853516
0.4236014783382416
0.21176747977733612
0.39620983600616455
0.3025756776332855
0.2869018018245697
0.3238898813724518
0.37832406163215637
0.3736531734466553
0.22691377997398376
0.35542911291122437
0.3206542432308197
0.38616397976875305
0.4418259561061859
0.41382208466529846
0.27365025877952576
0.3451390862464905
0.3076508641242981
0.32951876521110535
0.26327255368232727
0.42427390813827515
0.34444159269332886
0.422054648399353
0.3251396417617798
0.3890168368816376
0.3001363277435303
0.3302588164806366
0.3090691566467285
0.17020830512046814
0.33853328227996826
0.3080492615699768
0.28531670570373535
0.3775953948497772
0.382845401763916
0.35117703676223755
0.36781245470046997
0.3654114007949829
0.2942020893096924
0.2974250018596649
0.3278875946998596
0.30833426117897034
0.326102077960968
0.3037088215351105
0.38541358709335327
0.4567595422267914
0.27812474966049194
0.2685821056365967
0.2786754369735718
0.25952741503715515
0.3383912742137909
0.31424957513809204
0.35103532671928406
0.3718909025192261
0.4733703136444092
0.39700162410736084
0.3085455596446991
0.4906347990036011
0.3429810404777527
0.42003026604652405
0.3438434302806854
0.21150489151477814
0.32299885153770447
0.5294830799102783
0.4239118695259094
0.3715064823627472
0.4207181930541992
0.3324366509914398
0.3914780020713806
0.38103365898132324
0.372152715921402
0.30521586537361145
0.28902971744537354
0.4277936518192291
0.3250649571418762
0.42554762959480286
0.37455815076828003
0.5104926824569702
0.3017329275608063
0.3806053400039673
0.3088955581188202
0.21400460600852966
0.292677104473114
0.29058510065078735
0.3293287456035614
0.393851637840271
0.3391725420951843
0.27146098017692566
0.38322463631629944
0.26501476764678955
0.33902615308761597
0.28527510166168213
0.3217756152153015
0.2701743245124817
0.27713873982429504
0.43943843245506287
0.30343109369277954
0.24591803550720215
0.519638180732727
0.28372257947921753
0.28775131702423096
0.3229019343852997
0.3741399049758911
0.44437503814697266
