0.6884641647338867
0.7039446234703064
0.6692391633987427
0.697838544845581
0.7017626166343689
0.7008858919143677
0.6842345595359802
0.6676434278488159
0.6876627206802368
0.6837818622589111
0.6869072318077087
0.6753605008125305
0.6749405860900879
0.6938520669937134
0.6984636187553406
0.6773855686187744
0.6906201839447021
0.6950632333755493
0.6870891451835632
0.6885169744491577
0.6632141470909119
0.6831440925598145
0.68943852186203
0.6848982572555542
0.6740636229515076
0.6969612836837769
0.6847119331359863
0.6816822290420532
0.6750032305717468
0.6776307821273804
0.6778028011322021
0.6654670834541321
0.6923702359199524
0.6665179133415222
0.6872897744178772
0.6705935001373291
0.674752414226532
0.6795592308044434
0.6675935387611389
0.6762558221817017
0.6774964928627014
0.6767931580543518
0.6916488409042358
0.6702089309692383
0.6780160069465637
0.6707980036735535
0.6862393617630005
0.6780251860618591
0.6771895885467529
0.6766297817230225
0.6566344499588013
0.6608770489692688
0.6781454682350159
0.6691635847091675
0.6710823178291321
0.6657156348228455
0.6589187979698181
0.6668893694877625
0.674289882183075
0.6482471823692322
0.670399010181427
0.6680066585540771
0.6729058027267456
0.6690644025802612
0.6679719090461731
0.6492123007774353
0.650702714920044
0.6676753759384155
0.6515490412712097
0.6815158724784851
0.6545531153678894
0.6464104652404785
0.6754334568977356
0.6464840173721313
0.6601744294166565
0.6694110035896301
0.6726424098014832
0.6597201228141785
0.6739522218704224
0.6661580801010132
0.6604436635971069
0.6670747399330139
0.6619443893432617
0.6488619446754456
0.6635755300521851
0.6308901309967041
0.6441183686256409
0.6604793667793274
0.6660549640655518
0.6382344365119934
0.6542614698410034
0.6669585704803467
0.6516847014427185
0.6337276101112366
0.6544349193572998
0.6374560594558716
0.6619350910186768
0.6692529320716858
0.6294788718223572
0.643480658531189
0.6634284257888794
0.6413657069206238
0.6313332915306091
0.6520851254463196
0.6310371160507202
0.6563339829444885
0.6480234861373901
0.6353182792663574
0.6474616527557373
0.6399828195571899
0.6316591501235962
0.6562682390213013
0.633701741695404
0.6321789622306824
0.6541616320610046
0.6586411595344543
0.6287458539009094
0.6281534433364868
0.6575131416320801
0.6302033066749573
0.6125433444976807
0.6456692814826965
0.632756233215332
0.6329479813575745
0.6280685663223267
0.6215823292732239
0.641232967376709
0.6176338791847229
0.6115963459014893
0.6422781944274902
0.6042380332946777
0.6225363612174988
0.6519017219543457
0.6125492453575134
0.6269768476486206
0.6260921955108643
0.6225407719612122
0.6359608173370361
0.6289121508598328
0.6171464920043945
0.6482913494110107
0.623550295829773
0.6112967729568481
0.6392711997032166
0.6218422651290894
0.602385938167572
0.6256863474845886
0.5865107178688049
0.5977423787117004
0.6414000391960144
0.5740484595298767
0.5945302844047546
0.6401287913322449
0.6117656230926514
0.6110681295394897
0.6233425140380859
0.6327692270278931
0.6383593678474426
0.5877557992935181
0.6051188111305237
0.6045209169387817
0.6079742312431335
0.5719151496887207
0.5798050761222839
0.6305479407310486
0.6249354481697083
0.6397697329521179
0.6008398532867432
0.5946417450904846
0.5860062837600708
0.6097638607025146
0.5979787707328796
0.6194044351577759
0.5852414965629578
0.57470703125
0.6094751954078674
0.603764533996582
0.628751814365387
0.587049126625061
0.6198034286499023
0.5691394805908203
0.6026630401611328
0.6083434820175171
0.5809321403503418
0.625108540058136
0.5953370928764343
0.6027423143386841
0.5884348154067993
0.5883694887161255
0.6085003018379211
0.6027758121490479
0.5936154127120972
0.5783288478851318
0.5607815980911255
0.5636500120162964
0.6110014915466309
0.5974481105804443
0.5713139772415161
0.5838062763214111
0.5716192126274109
0.5376793742179871
0.5909903645515442
0.6025273203849792
0.5668905377388
0.563472330570221
0.563660204410553
0.620827853679657
0.543184757232666
0.5785654187202454
0.5635563135147095
0.6201562881469727
0.6012994050979614
0.5399425029754639
0.6056799292564392
0.5975450277328491
0.6271787881851196
0.6185622811317444
0.5688857436180115
0.5777919292449951
0.5990672707557678
0.5113705396652222
0.5577172636985779
0.5470255017280579
0.550668478012085
0.5786660313606262
0.5467632412910461
0.5647386908531189
0.6123698353767395
0.5488917827606201
0.5437799096107483
0.6116698384284973
0.5627890229225159
0.5449408292770386
0.521468997001648
0.5485909581184387
0.549580454826355
0.5202634930610657
0.5547016859054565
0.5717282295227051
0.6118702292442322
0.5394867658615112
0.5442798137664795
0.6323339939117432
0.5330041646957397
0.5621007680892944
0.5804041028022766
0.5711401700973511
0.5672179460525513
0.5188808441162109
0.5278115272521973
0.5397370457649231
0.5765685439109802
0.5598758459091187
0.5931277275085449
0.5894230604171753
0.5013250112533569
0.6009041666984558
0.562615156173706
0.544948160648346
0.6053988933563232
0.5483377575874329
0.5861849188804626
0.5611165761947632
0.4988640546798706
0.5208784341812134
0.5425991415977478
0.515280544757843
0.5189366936683655
0.5537599325180054
0.6134852170944214
0.6070652604103088
0.5945560932159424
0.5387886762619019
0.5446444749832153
0.5780560970306396
0.5637590885162354
0.5143147110939026
0.5051816701889038
0.5573690533638
0.5339484810829163
0.5327783823013306
0.5438971519470215
0.5516394376754761
0.5468062162399292
0.4799914062023163
0.5153387188911438
0.5243878364562988
0.6077463626861572
0.5173040628433228
0.5272300243377686
0.5049986243247986
0.4844706058502197
0.6000093817710876
0.5332436561584473
0.5269052386283875
0.606614351272583
0.5424410104751587
0.5299784541130066
0.5355913639068604
0.5547232627868652
0.5457919239997864
0.5114691853523254
0.5763556361198425
0.5429165959358215
0.5770113468170166
0.5455928444862366
0.5741350054740906
0.4547789990901947
0.4776797592639923
0.540269672870636
0.4903815686702728
0.5024653673171997
0.5342377424240112
0.518635630607605
0.5649110674858093
0.4970230758190155
0.4773755669593811
0.5279374718666077
0.4442864656448364
0.5625280141830444
0.5146735310554504
0.4843740165233612
0.5184131860733032
0.5532193779945374
0.5424576997756958
0.538554847240448
0.5254523754119873
0.4604962170124054
0.5224403738975525
0.5039276480674744
0.5497130751609802
0.5547322034835815
0.4503462016582489
0.5376843810081482
0.4679447114467621
0.5563735961914062
0.4978206753730774
0.457210898399353
0.5138928890228271
0.538902759552002
0.5246782898902893
0.5326595902442932
0.45184457302093506
0.5664438009262085
0.5260366797447205
0.558757483959198
0.5394701957702637
0.52791428565979
0.4706331491470337
0.5038658380508423
0.4291149079799652
0.5613703727722168
0.5484414100646973
0.5037600994110107
0.41073304414749146
0.4695179760456085
0.4185052216053009
0.5231070518493652
0.5409857630729675
0.4796559810638428
0.40430593490600586
0.4802396297454834
0.4956081211566925
0.5081095099449158
0.6002658009529114
0.5652337670326233
0.48157811164855957
0.44847872853279114
0.5471153855323792
0.43976494669914246
0.5574728846549988
0.4467281997203827
0.5340482592582703
0.5560850501060486
0.5205523371696472
0.4978386163711548
0.5623281002044678
0.5517033934593201
0.5512246489524841
0.4272570312023163
0.4853968918323517
0.4926285445690155
0.4278494715690613
0.4767783582210541
0.48685672879219055
0.5024824738502502
0.524429440498352
0.53352952003479
0.4905848205089569
0.4365557134151459
0.5150623917579651
0.5005446076393127
0.42416101694107056
0.4798083007335663
0.5651603937149048
0.5365710258483887
0.5377039909362793
0.49555712938308716
0.4407120943069458
0.5139443874359131
0.378757506608963
0.4746406078338623
0.5226753354072571
0.44075730443000793
0.49889838695526123
0.4545018970966339
0.5167432427406311
0.4714159667491913
0.5785546898841858
0.4287841022014618
0.4433619976043701
0.4558352530002594
0.5013716816902161
0.5290963649749756
0.37420547008514404
0.5154244303703308
0.4567877948284149
0.6096816062927246
0.419351726770401
0.3908775746822357
0.47378793358802795
0.5213422775268555
0.5021745562553406
0.4480929374694824
0.4450533986091614
0.48050349950790405
0.4167724847793579
0.40521958470344543
0.42147496342658997
0.3862878084182739
0.48662129044532776
0.40982359647750854
0.36543333530426025
0.4099239706993103
0.47719183564186096
0.503588080406189
0.4430561661720276
0.5188038349151611
0.5122552514076233
0.5207650661468506
0.465230256319046
0.4740656614303589
0.3783877193927765
0.49406152963638306
0.5623907446861267
0.38148510456085205
0.4380968511104584
0.5995351076126099
0.4528343379497528
0.5061057806015015
0.39403587579727173
0.4679945409297943
0.4624880850315094
0.47489380836486816
0.45767447352409363
0.5363011956214905
0.5177929401397705
0.4850081503391266
0.42760205268859863
0.47452443838119507
0.5329824686050415
0.4027758240699768
0.46701565384864807
0.43914997577667236
0.42286890745162964
0.4442402422428131
0.3893415331840515
0.4663490653038025
0.5967064499855042
0.44605663418769836
0.42342889308929443
0.3928025960922241
0.48497769236564636
0.4447177052497864
0.4376106560230255
0.38346627354621887
0.4437311589717865
0.4771246016025543
0.48537707328796387
0.40815484523773193
0.4723261296749115
0.4088745415210724
0.4922766387462616
0.40654507279396057
0.5541467666625977
0.4342784881591797
0.45712608098983765
0.36391371488571167
0.49797341227531433
0.49203813076019287
0.3955499529838562
0.4405299425125122
0.5025714039802551
0.4813365042209625
0.3863653242588043
0.41852930188179016
0.5428115129470825
0.5027515292167664
0.3916226327419281
0.4551708698272705
0.4838975965976715
0.4526764750480652
0.5031930804252625
0.4769441783428192
0.4255441427230835
0.39329302310943604
0.39274513721466064
0.4983198046684265
0.464715838432312
0.40508705377578735
0.41097912192344666
0.4949969947338104
0.47593954205513
0.498857706785202
0.5069937109947205
0.4783753454685211
0.46820196509361267
0.46971461176872253
0.468938946723938
0.3943730294704437
0.48556074500083923
0.3714885115623474
0.4975622594356537
0.3786618709564209
0.4285123944282532
0.39981716871261597
0.49824827909469604
0.5106107592582703
0.4653555154800415
0.42144089937210083
0.4998401701450348
0.3942681550979614
0.4710606634616852
0.4910108149051666
0.4480508267879486
0.3497520685195923
0.3513897955417633
0.45645955204963684
0.4556504487991333
0.2937830686569214
0.40002191066741943
0.4575376510620117
0.4856290817260742
0.44149190187454224
0.3703600764274597
0.37683919072151184
0.443921834230423
0.41798850893974304
0.5054865479469299
0.41166952252388
0.4814281165599823
0.42201974987983704
0.4019954204559326
0.2978209853172302
0.3387097418308258
0.590426504611969
0.44702720642089844
0.5039060115814209
0.39331382513046265
0.4057624042034149
0.5404692888259888
0.3922300636768341
0.37153157591819763
0.4651142656803131
0.34744954109191895
0.3840745985507965
0.42587903141975403
0.3815256655216217
0.3518562316894531
0.4332611560821533
0.38523954153060913
0.4899792969226837
0.4779570698738098
0.419607937335968
0.4825799763202667
0.5343841314315796
0.3952134847640991
0.5263929963111877
0.41423749923706055
0.4157203435897827
0.45207464694976807
0.5089946389198303
0.43919527530670166
0.5498082637786865
0.3664780259132385
0.43682610988616943
0.4308306574821472
0.4425312578678131
0.37347719073295593
0.38791602849960327
0.44822242856025696
0.39952412247657776
0.4036542475223541
0.4112536907196045
0.5041541457176208
0.4576122462749481
0.3456001579761505
0.4311603903770447
0.31652742624282837
0.450444757938385
0.4079379439353943
0.3844861388206482
0.3463286757469177
0.4671875238418579
0.3677717447280884
0.4552628993988037
0.4376037120819092
0.4515722393989563
0.45909297466278076
0.4703270196914673
0.44730931520462036
0.4073738753795624
0.4807349741458893
0.4670497179031372
0.47764238715171814
0.37869560718536377
0.4160062074661255
0.3754003345966339
0.3716292083263397
0.4915982782840729
0.45600488781929016
0.5012513995170593
0.46191099286079407
0.4919671416282654
0.3787679374217987
0.3854568898677826
0.4019095301628113
0.4055182933807373
0.4354187846183777
0.37717774510383606
0.4163345992565155
0.3347064256668091
0.36341702938079834
0.36214059591293335
0.49189484119415283
0.38404521346092224
0.3710053265094757
0.33679839968681335
0.37549030780792236
0.4013749063014984
0.5406298637390137
0.3772147595882416
0.31277573108673096
0.4710211157798767
0.2916816771030426
0.35638460516929626
0.4364025294780731
0.331747829914093
0.49945369362831116
0.39951688051223755
0.40300464630126953
0.4688372015953064
0.3172198235988617
0.5130730271339417
0.402431458234787
0.44220563769340515
0.3995780050754547
0.40998533368110657
0.3341169059276581
0.35142335295677185
0.33188632130622864
0.5253830552101135
0.34617581963539124
0.3902571201324463
0.39088699221611023
0.43788060545921326
0.43562793731689453
0.5017639398574829
0.4692552387714386
0.38187992572784424
0.4026118516921997
0.4730883240699768
0.4252537786960602
0.3967721462249756
0.33204489946365356
0.42912983894348145
0.4260949492454529
0.5167731642723083
0.4296233057975769
0.5048683285713196
0.3687005639076233
0.46173855662345886
0.47632691264152527
0.4420575499534607
0.3472464084625244
0.35884928703308105
0.3212452828884125
0.35289084911346436
0.3768295347690582
0.4758056402206421
0.6161096692085266
0.47394266724586487
0.3806363046169281
0.3773520588874817
0.30408570170402527
0.33073028922080994
0.40748798847198486
0.3413727283477783
0.4726647436618805
0.4667629301548004
0.37278085947036743
0.37846845388412476
0.49211055040359497
0.4149934649467468
0.3419225811958313
0.33813172578811646
0.346030056476593
0.3086487948894501
0.30465710163116455
0.3653513789176941
0.3200726807117462
0.3958936929702759
0.23654982447624207
0.4656091332435608
0.38295942544937134
0.3435630798339844
0.3779275715351105
0.42935726046562195
0.4406130313873291
0.43045446276664734
0.40586036443710327
0.3928508162498474
0.4746003746986389
0.29405370354652405
0.40891116857528687
0.4667675793170929
0.554822564125061
0.4498588740825653
0.48157310485839844
0.39968109130859375
0.463537335395813
0.33845680952072144
0.33610352873802185
0.391557514667511
0.33099544048309326
0.38098350167274475
0.396335631608963
0.5172910690307617
0.41264817118644714
0.42563945055007935
0.3386728763580322
0.6143212914466858
0.3406318128108978
0.4966273903846741
0.36875736713409424
0.3942110240459442
0.3838726580142975
0.6124383807182312
0.5939337015151978
0.4580884277820587
0.5085799694061279
0.37064993381500244
0.36925601959228516
0.3382401466369629
0.43086305260658264
0.31086915731430054
0.5109999179840088
0.397385835647583
0.4509391188621521
0.3778283894062042
0.46156924962997437
0.27838683128356934
0.36527055501937866
0.41408905386924744
0.5009869933128357
0.442864328622818
0.35563790798187256
0.44929951429367065
0.5927397608757019
0.3143639862537384
0.4285100996494293
0.41296592354774475
0.436046838760376
0.3956039547920227
0.4226495325565338
0.3846627175807953
0.44355475902557373
0.4635399580001831
0.47778162360191345
0.30988308787345886
0.30180424451828003
0.3286830186843872
