0.4172202944755554
0.4378281235694885
0.4909508228302002
0.4502781629562378
0.4588284492492676
0.48621824383735657
0.4603534936904907
0.5519349575042725
0.4984970986843109
0.3324165642261505
0.35592833161354065
0.606097936630249
0.33783912658691406
0.47646912932395935
0.5174001455307007
0.5185750126838684
0.42557844519615173
0.46773725748062134
0.6415011882781982
0.42663508653640747
0.5911823511123657
0.5461547374725342
0.47807207703590393
0.5089721083641052
0.49542519450187683
0.3369421362876892
0.5556482672691345
0.49079543352127075
0.4948854446411133
0.506966769695282
0.47432419657707214
0.47752514481544495
0.611513078212738
0.38511836528778076
0.41139528155326843
0.45343098044395447
0.38552260398864746
0.474904865026474
0.46340474486351013
0.5596937537193298
0.460250586271286
0.3790951669216156
0.5696132779121399
0.48444411158561707
0.5245634913444519
0.3525865077972412
0.4045737683773041
0.5896854400634766
0.4723074734210968
0.6185920834541321
0.4517962634563446
0.4741290807723999
0.4531710743904114
0.48877179622650146
0.3210713267326355
0.504456102848053
0.5955501794815063
0.5296381115913391
0.5330086350440979
0.38917312026023865
0.42673179507255554
0.36993151903152466
0.43281489610671997
0.44245755672454834
0.4362987279891968
0.42741233110427856
0.3810480535030365
0.4250294268131256
0.4268205165863037
0.476699560880661
0.39577415585517883
0.5837627053260803
0.4746820628643036
0.4736827611923218
0.5238465070724487
0.47127869725227356
0.4397338628768921
0.639678955078125
0.4671405851840973
0.47127580642700195
0.4507283568382263
0.40260615944862366
0.45339372754096985
0.4336039125919342
0.4465658664703369
0.34394991397857666
0.3777775168418884
0.47587457299232483
0.5090964436531067
0.42170050740242004
0.4171081781387329
0.4813624322414398
0.4811188280582428
0.5501239895820618
0.6633173823356628
0.3367651402950287
0.4661535322666168
0.4298233091831207
0.4760534465312958
0.43817365169525146
0.4814065992832184
0.46042296290397644
0.46287137269973755
0.588347852230072
0.38215315341949463
0.39648550748825073
0.5972913503646851
0.489980548620224
0.4500647187232971
0.495862752199173
0.47311079502105713
0.3700794577598572
0.5008248090744019
0.4488091468811035
0.4123932719230652
0.4813575744628906
0.5517985820770264
0.548979640007019
0.4073021113872528
0.4801722466945648
0.47912758588790894
0.508090078830719
0.3592700958251953
0.4457290768623352
0.5225380063056946
0.4861692488193512
0.46799421310424805
0.48983439803123474
0.4618622064590454
0.5738252401351929
0.41327619552612305
0.5179939866065979
0.35905635356903076
0.4429328739643097
0.46164780855178833
0.6214273571968079
0.4340892434120178
0.4956021308898926
0.44044262170791626
0.45077598094940186
0.35707101225852966
0.5878251791000366
0.576400637626648
0.48248758912086487
0.36089634895324707
0.42252182960510254
0.3275133967399597
0.4213157892227173
0.4996818006038666
0.37830114364624023
0.5260864496231079
0.3479574918746948
0.45362135767936707
0.599324107170105
0.4308742880821228
0.45140793919563293
0.48370227217674255
0.36553117632865906
0.4540902376174927
0.48446762561798096
0.5068616271018982
0.6299498677253723
0.5419896245002747
0.5767356753349304
0.4560958445072174
0.46584001183509827
0.593294620513916
0.5422104001045227
0.31785112619400024
0.4161602556705475
0.4686482846736908
0.5418378114700317
0.4120592474937439
0.3413430452346802
0.4440944194793701
0.6001995801925659
0.47602716088294983
0.40105241537094116
0.5062226057052612
0.48928043246269226
0.46286243200302124
0.45241454243659973
0.4208270311355591
0.43887564539909363
0.5817148089408875
0.4516950249671936
0.7347762584686279
0.5894345641136169
0.47219252586364746
0.5364728569984436
0.5166301727294922
0.5125187635421753
0.4013592302799225
0.5299683809280396
0.4041540026664734
0.4617404639720917
0.564972460269928
0.34716320037841797
0.5759302377700806
0.36228427290916443
0.4629930853843689
0.5432261824607849
0.46975088119506836
0.5579100251197815
0.39796799421310425
0.4023083448410034
0.4384842813014984
0.38450708985328674
0.4537927210330963
0.41527247428894043
0.4666281044483185
0.37688666582107544
0.49006354808807373
0.5214757323265076
0.44565698504447937
0.3568266034126282
0.5186456441879272
0.5004172921180725
0.3843975067138672
0.4729558825492859
0.3694983422756195
0.5777562856674194
0.43858447670936584
0.5649369955062866
0.6861814856529236
0.41776973009109497
0.37238335609436035
0.3957456052303314
0.427854061126709
0.5864073038101196
0.5377257466316223
0.5054123401641846
0.5641534924507141
0.45874303579330444
0.5450376868247986
0.4792170524597168
0.34612956643104553
0.47374337911605835
0.4839858412742615
0.5696274042129517
0.3999033570289612
0.5184962153434753
0.44757428765296936
0.33236798644065857
0.39852556586265564
0.40868449211120605
0.45530423521995544
0.626308798789978
0.4093821942806244
0.4970940947532654
0.5077396631240845
0.3679370880126953
0.5196818709373474
0.45560047030448914
0.41398489475250244
0.5755777359008789
0.47299522161483765
0.33111923933029175
0.44563397765159607
0.41050612926483154
0.43872788548469543
0.4985840320587158
0.46049290895462036
0.46924957633018494
0.29902559518814087
0.41446489095687866
0.3707132041454315
0.3427445888519287
0.43111345171928406
0.398517370223999
0.5592749118804932
0.4139896333217621
0.3531087636947632
0.3847638666629791
0.5184871554374695
0.32998424768447876
0.6599941849708557
0.4894597828388214
0.5043531656265259
0.41946154832839966
0.44787561893463135
0.40391555428504944
0.49260133504867554
0.5216214060783386
0.4731023609638214
0.5469606518745422
0.40072691440582275
0.5150898694992065
0.5847878456115723
0.6255016922950745
0.3711205720901489
0.5297083258628845
0.49206769466400146
0.3389092683792114
0.44913527369499207
0.3946950435638428
0.4375554621219635
0.6239511370658875
0.362388551235199
0.477827250957489
0.45983028411865234
0.4407208561897278
0.5210953950881958
0.4113177955150604
0.3858024775981903
0.42021843791007996
0.48567885160446167
0.6167458295822144
0.5776333212852478
0.5777164697647095
0.43073609471321106
0.43137869238853455
0.5809857845306396
0.4438229501247406
0.40316542983055115
0.42004239559173584
0.47584161162376404
0.340747207403183
0.33361607789993286
0.3125338554382324
0.45085418224334717
0.5375722646713257
0.4500303268432617
0.4092668890953064
0.48745325207710266
0.4787811040878296
0.7006372809410095
0.31104356050491333
0.40314239263534546
0.6011383533477783
0.40241673588752747
0.4027690887451172
0.35642582178115845
0.5098457336425781
0.6951760649681091
0.7395866513252258
0.4160445034503937
0.5719709992408752
0.5696650743484497
0.4084458351135254
0.3713357448577881
0.4006310999393463
0.37305957078933716
0.4005439877510071
0.504413366317749
0.3676643967628479
0.3618590533733368
0.6965730786323547
0.3204192817211151
0.5830941796302795
0.5310991406440735
0.4689653515815735
0.47432947158813477
0.41341689229011536
0.6247681975364685
0.251570463180542
0.5067858695983887
0.4354623556137085
0.43995803594589233
0.5547292232513428
0.5144209265708923
0.3433000147342682
0.4797012209892273
0.5416519045829773
0.5807937979698181
0.4524068832397461
0.44973212480545044
0.6575697660446167
0.4542003273963928
0.5461574196815491
0.47562453150749207
0.5600326657295227
0.3460274040699005
0.43931975960731506
0.5086603164672852
0.5490517616271973
0.4923883080482483
0.47900447249412537
0.4041285514831543
0.5093536972999573
0.4049336314201355
0.4504756033420563
0.4473787248134613
0.4095463156700134
0.5410646796226501
0.5143466591835022
0.39763379096984863
0.4828527271747589
0.4517880976200104
0.452029824256897
0.47077059745788574
0.3713338077068329
0.4465668201446533
0.4250912368297577
0.3335920572280884
0.3892095685005188
0.47230854630470276
0.5599382519721985
0.4229375720024109
0.5573817491531372
0.48656898736953735
0.4361279308795929
0.39659348130226135
0.4606246054172516
0.36218252778053284
0.47165045142173767
0.35903671383857727
0.5441527366638184
0.5153238773345947
0.33530259132385254
0.38789668679237366
0.3312605321407318
0.5444430708885193
0.36515548825263977
0.3888455629348755
0.3808794617652893
0.5097522735595703
0.4541287422180176
0.462891161441803
0.3864228427410126
0.4948626756668091
0.42804989218711853
0.3838420510292053
0.4694059491157532
0.4284166693687439
0.4688585102558136
0.3655878007411957
0.4553193151950836
0.559757649898529
0.4993289113044739
0.456168532371521
0.3716190755367279
0.40930700302124023
0.44775936007499695
0.3198021948337555
0.4779359698295593
0.5780270099639893
0.48859432339668274
0.4559857249259949
0.47644972801208496
0.38422891497612
0.6082829833030701
0.3796903192996979
0.43534940481185913
0.5155643224716187
0.48598456382751465
0.37820911407470703
0.35695481300354004
0.45471271872520447
0.6105842590332031
0.452052503824234
0.47025078535079956
0.5329753160476685
0.3498609662055969
0.2909008860588074
0.4418661892414093
0.38473033905029297
0.546405017375946
0.6099237203598022
0.39287930727005005
0.5733197927474976
0.4602198004722595
0.4560787081718445
0.42923057079315186
0.4686936140060425
0.4274309575557709
0.44099149107933044
0.4943564236164093
0.4428780972957611
0.42520803213119507
0.38193953037261963
0.41427719593048096
0.39297980070114136
0.41115155816078186
0.4543077349662781
0.5152905583381653
0.5418745875358582
0.5194026827812195
0.49287933111190796
0.4106092154979706
0.4185735881328583
0.5649780631065369
0.34800729155540466
0.48980340361595154
0.4195505976676941
0.33925583958625793
0.49042293429374695
0.39062508940696716
0.45457854866981506
0.5464391112327576
0.36223605275154114
0.6036814451217651
0.3239864110946655
0.5959293842315674
0.6308072209358215
0.4546799957752228
0.5234930515289307
0.34822091460227966
0.3801771402359009
0.5614282488822937
0.3496383726596832
0.4879239499568939
0.36981692910194397
0.609263002872467
0.4545423686504364
0.46300023794174194
0.34002742171287537
0.48376989364624023
0.43057817220687866
0.4851003885269165
0.3980531394481659
0.31656602025032043
0.5328607559204102
0.5448728203773499
0.37756118178367615
0.4411689043045044
0.47889676690101624
0.506454348564148
0.4946539103984833
0.5462297201156616
0.407379150390625
0.31456637382507324
0.45597735047340393
0.41034168004989624
0.35146406292915344
0.5862993001937866
0.3688557744026184
0.42758285999298096
0.4586280584335327
0.3847292959690094
0.46808868646621704
0.48882344365119934
0.3318127393722534
0.5111885070800781
0.3649742901325226
0.3826443552970886
0.40994295477867126
0.3730057179927826
0.32665395736694336
0.5865152478218079
0.5847183465957642
0.36552807688713074
0.50592041015625
0.4142216742038727
0.4452212154865265
0.5017598271369934
0.48696035146713257
0.3829119801521301
0.4618839919567108
0.6189701557159424
0.34228894114494324
0.43871060013771057
0.4776242673397064
0.49900922179222107
0.45890986919403076
0.4097341299057007
0.3725317716598511
0.4426857531070709
0.39553946256637573
0.5050448179244995
0.43644997477531433
0.46011820435523987
0.5342209339141846
0.5793815851211548
0.36361581087112427
0.535211980342865
0.6165200471878052
0.48377254605293274
0.4390624165534973
0.4303149878978729
0.4867744743824005
0.5216462016105652
0.4884006679058075
0.4524883031845093
0.5426682829856873
0.4185127317905426
0.4100947976112366
0.3496561646461487
0.3245835602283478
0.3810323178768158
0.5221587419509888
0.5743605494499207
0.34208762645721436
0.40766119956970215
0.43693533539772034
0.3849545121192932
0.3448770046234131
0.3725603222846985
0.32104524970054626
0.40180063247680664
0.44436973333358765
0.3991948962211609
0.5023798942565918
0.45788392424583435
0.3226712644100189
0.47020119428634644
0.4621516168117523
0.3882361054420471
0.3862276077270508
0.49629124999046326
0.5364212989807129
0.4750692844390869
0.4588048458099365
0.47288835048675537
0.453792929649353
0.42437317967414856
0.44029444456100464
0.4993596076965332
0.49710336327552795
0.5987513065338135
0.3813607394695282
0.3830900192260742
0.561972439289093
0.4375458359718323
0.4537442624568939
0.3801293969154358
0.4405742883682251
0.42700687050819397
0.4119454324245453
0.37183231115341187
0.5688488483428955
0.46005210280418396
0.5203380584716797
0.5234230756759644
0.40621626377105713
0.42889878153800964
0.45649945735931396
0.4685424268245697
0.3898293972015381
0.3977140784263611
0.4793228209018707
0.5845454931259155
0.44112011790275574
0.49755749106407166
0.4477241337299347
0.36632204055786133
0.4351814389228821
0.42617738246917725
0.4086195230484009
0.3335355520248413
0.3864686191082001
0.44482478499412537
0.315573126077652
0.4202171266078949
0.4442288875579834
0.25451692938804626
0.3922621011734009
0.49703386425971985
0.5880549550056458
0.41413143277168274
0.41092345118522644
0.4897906482219696
0.4194789528846741
0.5045586228370667
0.3979988098144531
0.5501841306686401
0.47843658924102783
0.5255783200263977
0.38372838497161865
0.39837703108787537
0.45144322514533997
0.46764785051345825
0.4878019392490387
0.4626924693584442
0.40043577551841736
0.4158010184764862
0.43982797861099243
0.4103791415691376
0.4758279025554657
0.3851345181465149
0.47610682249069214
0.399128258228302
0.6792494654655457
0.531154990196228
0.47141140699386597
0.518252432346344
0.3768925070762634
0.4277448058128357
0.5126587152481079
0.41510477662086487
0.4398503601551056
0.4392877221107483
0.4038393795490265
0.6156750917434692
0.6301360130310059
0.5610224008560181
0.32533466815948486
0.4803300201892853
0.47343093156814575
0.5645051598548889
0.566663384437561
0.5584582090377808
0.5712679624557495
0.42157354950904846
0.5807386040687561
0.5376733541488647
0.3030800223350525
0.5263211727142334
0.9327754378318787
0.3410968482494354
0.6112237572669983
0.5507472157478333
0.5832542777061462
0.5505882501602173
0.485616534948349
0.3592921495437622
0.43364909291267395
0.4531172513961792
0.5308800339698792
0.5244691967964172
0.39709991216659546
0.4366608262062073
0.4139542579650879
0.3852202594280243
0.45860934257507324
0.3322461247444153
0.5536743998527527
0.4341604709625244
0.4550349712371826
0.48351016640663147
0.5744919180870056
0.34410688281059265
0.4485880732536316
0.4094710648059845
0.31723928451538086
0.513367772102356
0.3272818624973297
0.6148117184638977
0.4412722587585449
0.3796052038669586
0.47037437558174133
0.4854545593261719
0.3665369749069214
0.5997354388237
0.3510293960571289
0.5653381943702698
0.4046189486980438
0.5199283957481384
0.40163353085517883
0.3071258068084717
0.46009135246276855
0.43558162450790405
0.521782398223877
0.4424133002758026
0.5217602849006653
0.46316996216773987
0.43217933177948
0.4925117492675781
0.5904611349105835
0.3813707232475281
0.33509281277656555
0.3899214565753937
0.4258838891983032
0.5002673268318176
0.4734531044960022
0.4240986704826355
0.3393132984638214
0.6901928782463074
0.5108696222305298
0.48983627557754517
0.4836209714412689
0.4540502727031708
0.47254472970962524
0.46382224559783936
0.31326258182525635
0.47600892186164856
0.43425777554512024
0.5216705799102783
0.4531976580619812
0.37270569801330566
0.4436781406402588
0.4501385986804962
0.3104199469089508
0.401455819606781
0.4183811843395233
0.3718670904636383
0.5407534837722778
0.37571313977241516
0.5013806223869324
0.5416234731674194
0.6445431709289551
0.24342429637908936
