0.6953782439231873
0.705672025680542
0.7032042741775513
0.6938636302947998
0.6819111108779907
0.6961023211479187
0.6865694522857666
0.6869388222694397
0.6797367334365845
0.6863898634910583
0.6854773759841919
0.6873687505722046
0.6870868802070618
0.6883231997489929
0.6884521245956421
0.6795110106468201
0.6751852631568909
0.6813333630561829
0.6804600358009338
0.6719605922698975
0.6754047870635986
0.6730074286460876
0.6839658617973328
0.6820480227470398
0.6729100942611694
0.662399172782898
0.6757506132125854
0.6746929287910461
0.6747276186943054
0.6722972989082336
0.6718668341636658
0.6583006978034973
0.6729027032852173
0.6684073805809021
0.6659922003746033
0.6562966704368591
0.6628024578094482
0.6705273985862732
0.6767046451568604
0.6638887524604797
0.6633379459381104
0.6374068856239319
0.678387463092804
0.6500004529953003
0.6510059237480164
0.6652728319168091
0.6672852039337158
0.6573489904403687
0.650434136390686
0.6575929522514343
0.6706702709197998
0.6464360952377319
0.636051595211029
0.6518080234527588
0.6552222967147827
0.6449325680732727
0.6386899352073669
0.6775200366973877
0.6565336585044861
0.641440749168396
0.6365406513214111
0.6625269651412964
0.6542125344276428
0.6508811116218567
0.649743378162384
0.6320216655731201
0.6341708898544312
0.649200439453125
0.6488728523254395
0.6552137136459351
0.6463601589202881
0.633734941482544
0.6192452311515808
0.638877272605896
0.6309592127799988
0.6278496980667114
0.6490693688392639
0.6408472061157227
0.6070641875267029
0.6206622123718262
0.6055588722229004
0.617591917514801
0.6240298748016357
0.6141782402992249
0.6148462891578674
0.6253752708435059
0.5788342952728271
0.6157305836677551
0.6101939678192139
0.6095754504203796
0.6495550870895386
0.5519149303436279
0.6291930079460144
0.5874807834625244
0.6110003590583801
0.6329752802848816
0.5933583378791809
0.6165854930877686
0.5807429552078247
0.6376193165779114
0.643665075302124
0.5677406787872314
0.6205964684486389
0.6001309156417847
0.5729097723960876
0.5928378701210022
0.6269752979278564
0.6172999739646912
0.5999433994293213
0.5955142378807068
0.5958284735679626
0.6168107986450195
0.5765864253044128
0.6070374846458435
0.5834516882896423
0.5531271696090698
0.6078060269355774
0.5936650633811951
0.6028503179550171
0.5836488604545593
0.5448048710823059
0.6130120754241943
0.6312586069107056
0.6077101230621338
0.5857082009315491
0.6308773159980774
0.6841277480125427
0.5970965623855591
0.6550976634025574
0.6037998199462891
0.5704232454299927
0.6162146925926208
0.5276751518249512
0.5849890112876892
0.5832207798957825
0.6038336157798767
0.5630828738212585
0.6111347079277039
0.60908442735672
0.5439442992210388
0.5833294987678528
0.538904070854187
0.5563991665840149
0.5766112804412842
0.5697963833808899
0.5385733246803284
0.6025713086128235
0.5914903283119202
0.6007175445556641
0.6042705178260803
0.5789285898208618
0.5482233762741089
0.5795119404792786
0.5731968283653259
0.5922155976295471
0.6139307618141174
0.5730016231536865
0.5719285607337952
0.5230163931846619
0.5452212691307068
0.5721195340156555
0.5525663495063782
0.5472894906997681
0.5407792329788208
0.5561361908912659
0.5343091487884521
0.5673987865447998
0.523470401763916
0.5652154684066772
0.5595743656158447
0.5670711994171143
0.5667713284492493
0.5545148849487305
0.5533335208892822
0.5764628052711487
0.538468062877655
0.5809524655342102
0.5451200008392334
0.5279738306999207
0.5320219993591309
0.5539770722389221
0.5562953352928162
0.5675567388534546
0.5900139212608337
0.546181321144104
0.525702178478241
0.5459571480751038
0.4828968346118927
0.4979139268398285
0.5086218118667603
0.5157063007354736
0.5039653778076172
0.5964145064353943
0.574126124382019
0.49341878294944763
0.5872978568077087
0.5205605626106262
0.4725921154022217
0.5555910468101501
0.5662035346031189
0.5564700365066528
0.5441148281097412
0.5550838708877563
0.5487693548202515
0.4814097285270691
0.49210068583488464
0.49865925312042236
0.49714693427085876
0.5353649258613586
0.5622307062149048
0.526337742805481
0.5105400085449219
0.5243616104125977
0.5488133430480957
0.45630794763565063
0.5134029388427734
0.49508774280548096
0.519719660282135
0.5021952390670776
0.48442766070365906
0.5420331954956055
0.5788216590881348
0.5540012717247009
0.5595241785049438
0.5643256902694702
0.5402007699012756
0.4543302059173584
0.5231419801712036
0.4650312662124634
0.526518702507019
0.4920545518398285
0.5561818480491638
0.5083999633789062
0.5356840491294861
0.45360133051872253
0.505481481552124
0.5230619311332703
0.5492318868637085
0.4610108435153961
0.5237865447998047
0.4223700761795044
0.5634621977806091
0.4734310507774353
0.45877179503440857
0.5166321396827698
0.45601749420166016
0.5519769191741943
0.45420345664024353
0.5183658599853516
0.5792338252067566
0.5439583659172058
0.5056614279747009
0.5264803767204285
0.46075281500816345
0.507590651512146
0.46756699681282043
0.4653036892414093
0.5262657403945923
0.5280340909957886
0.46805351972579956
0.4564839005470276
0.4952721893787384
0.540306806564331
0.4036470353603363
0.4969360828399658
0.459683358669281
0.4549837112426758
0.4748629629611969
0.5576881170272827
0.5133686065673828
0.4970858097076416
0.40160059928894043
0.4913584589958191
0.5083563923835754
0.4692094326019287
0.5346778035163879
0.5186589360237122
0.4621433615684509
0.5272933840751648
0.5144944190979004
0.5008315443992615
0.620461106300354
0.44063398241996765
0.4324125647544861
0.4213533103466034
0.3897249102592468
0.515004575252533
0.5147570371627808
0.4402342140674591
0.49332982301712036
0.4381227493286133
0.5091646909713745
0.47730064392089844
0.45721304416656494
0.48624375462532043
0.5047286152839661
0.4349980056285858
0.44258052110671997
0.456682026386261
0.4232378900051117
0.5436541438102722
0.453222393989563
0.43866202235221863
0.4053281843662262
0.5110372304916382
0.4971717298030853
0.4041821360588074
0.3928873538970947
0.43638330698013306
0.4385440945625305
0.4412912428379059
0.533973217010498
0.4013575315475464
0.4358188807964325
0.554816722869873
0.4476050138473511
0.5138731002807617
0.41678935289382935
0.3929007649421692
0.36130961775779724
0.4736592769622803
0.472715824842453
0.4344401955604553
0.48191219568252563
0.3939579725265503
0.48658880591392517
0.4032762050628662
0.3571842610836029
0.39261922240257263
0.5145167112350464
0.5560719966888428
0.43436363339424133
0.35412004590034485
0.3668805956840515
0.5413121581077576
0.5539864301681519
0.39458248019218445
0.45918306708335876
0.38886258006095886
0.4437015652656555
0.4242578446865082
0.5100709199905396
0.3479454219341278
0.40228480100631714
0.442295104265213
0.41539791226387024
0.44536954164505005
0.408346027135849
0.34394437074661255
0.4407278597354889
0.5097523927688599
0.5174288153648376
0.4433276951313019
0.3510242998600006
0.44630444049835205
0.4851375222206116
0.374445378780365
0.43276065587997437
0.425752192735672
0.47337067127227783
0.4286828339099884
0.4247031509876251
0.493096262216568
0.396291583776474
0.33567818999290466
0.4850805103778839
0.45966166257858276
0.4372411072254181
0.4329395592212677
0.40412816405296326
0.4269983470439911
0.41038867831230164
0.41613438725471497
0.3537314832210541
0.48939260840415955
0.31243255734443665
0.5192648768424988
0.4083973467350006
0.4570806324481964
0.49702638387680054
0.5320737361907959
0.4938107132911682
0.3666180968284607
0.5072608590126038
0.34625062346458435
0.4665367603302002
0.38785913586616516
0.34886032342910767
0.3903127908706665
0.38632139563560486
0.5332598090171814
0.4452611804008484
0.45313501358032227
0.3526943027973175
0.42184820771217346
0.4644494354724884
0.3217417895793915
0.2914782166481018
0.4279817044734955
0.3654031753540039
0.4177378714084625
0.39745962619781494
0.4339568614959717
0.3932437300682068
0.3452143669128418
0.4319114089012146
0.4376201033592224
0.42409101128578186
0.41709786653518677
0.3529191017150879
0.39626792073249817
0.44177553057670593
0.4136018455028534
0.2675319314002991
0.3972157835960388
0.4923925995826721
0.43542271852493286
0.342753529548645
0.5151062607765198
0.38322582840919495
0.36498314142227173
0.3976140022277832
0.4377285838127136
0.3608592450618744
0.37029218673706055
0.395268976688385
0.3920193612575531
0.5929440855979919
0.5237654447555542
0.46746525168418884
0.3528544306755066
0.3244152069091797
0.34060370922088623
0.4584606885910034
0.31120145320892334
0.40497922897338867
0.469921737909317
0.45121052861213684
0.4197046458721161
0.3680311143398285
0.41673216223716736
0.41958871483802795
0.36156782507896423
0.337319016456604
0.35627615451812744
0.4206456243991852
0.38632139563560486
0.5232722163200378
0.3595384359359741
0.41819247603416443
0.35356777906417847
0.4149194657802582
0.4579758942127228
0.4214344024658203
0.5250334143638611
0.33001378178596497
0.42659252882003784
0.3965925872325897
0.3404291272163391
0.4014039635658264
0.3979184329509735
0.5003074407577515
0.5824335217475891
0.3644932210445404
0.3741070032119751
0.47815635800361633
0.3506264388561249
0.4442194402217865
0.3333832919597626
0.4086432456970215
0.30810776352882385
0.3387879729270935
0.47036340832710266
0.4685022234916687
0.29966798424720764
0.33786022663116455
0.26730260252952576
0.29286620020866394
0.3510277569293976
0.4314650297164917
0.4417530596256256
0.44632789492607117
0.33937862515449524
0.409464567899704
0.32057327032089233
0.45571258664131165
0.4095115661621094
0.29309797286987305
0.3639415502548218
0.4326844811439514
0.32284846901893616
0.42876115441322327
0.3266534209251404
0.3290650546550751
0.367924302816391
0.30721595883369446
0.264132022857666
0.36577534675598145
0.3005484342575073
0.3115982711315155
0.32053878903388977
0.38001197576522827
0.42522725462913513
0.38932517170906067
0.3396413028240204
0.3840067982673645
0.4438394606113434
0.40084102749824524
0.4477377235889435
0.3195640444755554
0.4113607108592987
0.4138466715812683
0.48512470722198486
0.36885106563568115
0.2704679071903229
0.34315285086631775
0.4157506823539734
0.3475157618522644
0.3504604399204254
0.31291455030441284
0.3379322290420532
0.4226447343826294
0.49727410078048706
0.2562642991542816
0.2918788492679596
0.41090214252471924
0.3164696991443634
0.41437652707099915
0.25124260783195496
0.5210117697715759
0.3110821843147278
0.4966457784175873
0.3887210488319397
0.40928012132644653
0.2887096703052521
0.38089796900749207
0.3065306842327118
0.31806084513664246
0.3696169853210449
0.35660475492477417
0.30512088537216187
0.43220168352127075
0.3558427095413208
0.3683539628982544
0.3087388277053833
0.27879196405410767
0.3497867286205292
0.30468010902404785
0.4693652093410492
0.44121140241622925
0.32852402329444885
0.35387152433395386
0.321887344121933
0.2451501190662384
0.39437389373779297
0.37467288970947266
0.3785005211830139
0.33385616540908813
0.4308934211730957
0.30649325251579285
0.29874682426452637
0.3063695728778839
0.4179375171661377
0.32996779680252075
0.3105494976043701
0.4760824143886566
0.3437272906303406
0.36195310950279236
0.37372252345085144
0.3080791234970093
0.39748987555503845
0.31922614574432373
0.25280267000198364
0.3502892255783081
0.3741829991340637
0.43674492835998535
0.34175845980644226
0.32048895955085754
0.40156930685043335
0.46209532022476196
0.26101014018058777
0.40001484751701355
0.46589094400405884
0.3408673107624054
0.26312944293022156
0.334089070558548
0.3605761229991913
0.3525330126285553
0.3607780933380127
0.40333640575408936
0.36614492535591125
0.3687215745449066
0.1659652441740036
0.3098710775375366
0.3692314624786377
0.27101919054985046
0.45161503553390503
0.27325528860092163
0.3228548467159271
0.4118989109992981
0.3102095127105713
0.49255436658859253
0.36666372418403625
0.3770482540130615
0.44772374629974365
0.2574792504310608
0.3103295564651489
0.45276057720184326
0.39446282386779785
0.4159623980522156
0.37548819184303284
0.3229345381259918
0.3070366680622101
0.288532018661499
0.3970488905906677
0.42590197920799255
0.29745617508888245
0.37447088956832886
0.3298631012439728
0.3765825629234314
0.3590211272239685
0.3683105409145355
0.34967032074928284
0.26114046573638916
0.4119008481502533
0.29435300827026367
0.3677378296852112
0.3351549804210663
0.44976678490638733
0.3842676877975464
0.44464582204818726
0.3458874523639679
0.3168531656265259
0.27802273631095886
0.30375415086746216
0.23148277401924133
0.3111700117588043
0.3250137269496918
0.35513293743133545
0.3748340904712677
0.48004862666130066
0.3749956786632538
0.3915518522262573
0.36357489228248596
0.3932224214076996
0.2624759376049042
0.4399714171886444
0.2985309362411499
0.40931838750839233
0.42640092968940735
0.566927433013916
0.2704825699329376
0.44346946477890015
0.3239034414291382
0.3862665593624115
0.30888915061950684
0.3203335702419281
0.31011468172073364
0.3165472745895386
0.43433186411857605
0.2931097745895386
0.35403871536254883
0.3660697340965271
0.3340815603733063
0.2033485323190689
0.4413219690322876
0.3379000127315521
0.2800588011741638
0.3671833276748657
0.3354010283946991
0.30749547481536865
0.30036869645118713
0.3491433560848236
0.29181721806526184
0.32690173387527466
0.3034728467464447
0.2284746766090393
0.3636382222175598
0.2496442198753357
0.22137856483459473
0.28008076548576355
0.3166029453277588
0.2871520221233368
0.44992595911026
0.3093673586845398
0.418668270111084
0.47703084349632263
0.48287156224250793
0.39005380868911743
0.326485276222229
0.4558912515640259
0.2547176480293274
0.4772174060344696
0.2552604675292969
0.39861592650413513
0.35320979356765747
0.5484877824783325
0.37747809290885925
0.3161259591579437
0.34601083397865295
0.29976508021354675
0.2533169090747833
0.3296838402748108
0.3063349723815918
0.2918953597545624
0.436206579208374
0.29118046164512634
0.3739355802536011
0.3498029410839081
0.30283647775650024
0.30004972219467163
0.35157671570777893
0.41356760263442993
0.27328959107398987
0.2666618227958679
0.33383679389953613
0.2750110924243927
0.34201738238334656
0.4185340702533722
0.3829132318496704
0.4259463846683502
0.30522093176841736
0.25539299845695496
0.295026570558548
0.35395240783691406
0.39911046624183655
0.3055012822151184
0.27718231081962585
0.3174654245376587
0.38337281346321106
0.324771910905838
0.3475024402141571
0.40707728266716003
0.2550090253353119
0.4164014756679535
0.35404181480407715
0.4201502501964569
0.27241185307502747
0.2832203805446625
0.2547762393951416
0.2944982945919037
0.4749358892440796
0.3647112548351288
0.35012349486351013
0.3845175504684448
0.3136405050754547
0.3586413264274597
0.29301339387893677
0.32903221249580383
0.4390714168548584
0.2371031939983368
0.29063040018081665
0.23627199232578278
0.3322913646697998
0.2678004503250122
0.3871781527996063
0.4442093074321747
0.41448158025741577
0.32631129026412964
0.3886174261569977
0.4542599618434906
0.15350905060768127
0.3359132409095764
0.30571305751800537
0.3988625705242157
0.3556213676929474
0.43711379170417786
0.25083500146865845
0.40229639410972595
0.3303813934326172
0.22016283869743347
0.30908694863319397
0.3361465036869049
0.26756730675697327
0.25023433566093445
0.4199340343475342
0.2592543959617615
0.20111264288425446
0.393882155418396
0.3458125591278076
0.28305473923683167
0.09259887784719467
