0.2226177453994751
0.3129999041557312
0.30106696486473083
0.31646719574928284
0.3221324682235718
0.3262184262275696
0.379688024520874
0.32693538069725037
0.2320673018693924
0.3387053906917572
0.41205930709838867
0.2539944648742676
0.2936939299106598
0.33530834317207336
0.2064741551876068
0.19473797082901
0.1959775686264038
0.31946784257888794
0.22576622664928436
0.17664729058742523
0.385072261095047
0.38509929180145264
0.40587323904037476
0.4145103096961975
0.3158930838108063
0.19850818812847137
0.3227004110813141
0.29790234565734863
0.240721195936203
0.17860621213912964
0.24556197226047516
0.35598844289779663
0.5257608890533447
0.30398744344711304
0.24516941606998444
0.36031895875930786
0.3739238381385803
0.27103450894355774
0.3990078568458557
0.2401498556137085
0.21324443817138672
0.4617597460746765
0.4377818703651428
0.24657410383224487
0.27851220965385437
0.32145246863365173
0.35903990268707275
0.23825308680534363
0.3419157862663269
0.28202298283576965
0.26667094230651855
0.44012293219566345
0.320226788520813
0.4283670485019684
0.18233127892017365
0.28516885638237
0.3629225194454193
0.46201092004776
0.35813969373703003
0.3603321313858032
0.2889319062232971
0.31064504384994507
0.25463828444480896
0.4466972351074219
0.3024507462978363
0.5059024095535278
0.42688173055648804
0.5069693922996521
0.31794285774230957
0.4419267475605011
0.37906840443611145
0.333625465631485
0.3104805648326874
0.3095526099205017
0.19967316091060638
0.3056635558605194
0.37460416555404663
0.42592620849609375
0.29030680656433105
0.3320765793323517
0.35325878858566284
0.4257579743862152
0.2529601454734802
0.2766350209712982
0.2159605473279953
0.33216041326522827
0.37981870770454407
0.3331100642681122
0.37780025601387024
0.2784574329853058
0.2650284469127655
0.2861780822277069
0.2858816385269165
0.496591717004776
0.24217645823955536
0.4126701056957245
0.2437695413827896
0.4989737868309021
0.3059179186820984
0.35243767499923706
0.3154752552509308
0.22961412370204926
0.37616416811943054
0.32425960898399353
0.2700398862361908
0.36931219696998596
0.38305768370628357
0.29404065012931824
0.29741671681404114
0.1838074028491974
0.3120877742767334
0.3028629720211029
0.2938328683376312
0.3486991226673126
0.4021621644496918
0.31405574083328247
0.340054988861084
0.1678922027349472
0.2670310437679291
0.24591132998466492
0.2659309208393097
0.6643790602684021
0.4128651022911072
0.28243497014045715
0.37814539670944214
0.2997281849384308
0.4036012291908264
0.37378188967704773
0.17176415026187897
0.44402796030044556
0.32685571908950806
0.31573590636253357
0.37554487586021423
0.35487017035484314
0.3164140582084656
0.2874525189399719
0.33851566910743713
0.35655099153518677
0.31833669543266296
0.286825954914093
0.33830976486206055
0.2092185616493225
0.21996985375881195
0.30684053897857666
0.32053855061531067
0.26291003823280334
0.3325344920158386
0.37220099568367004
0.3114858567714691
0.32590174674987793
0.335018128156662
0.3175886869430542
0.4088209569454193
0.26594045758247375
0.37313586473464966
0.35461387038230896
0.24037133157253265
0.2588232159614563
0.20227950811386108
0.29566124081611633
0.3181658089160919
0.18988999724388123
0.36360856890678406
0.3553125262260437
0.36951521039009094
0.3535172641277313
0.246761292219162
0.23042860627174377
0.43156564235687256
0.34998345375061035
0.5851011872291565
0.28484848141670227
0.25446781516075134
0.43427789211273193
0.2985266149044037
0.3302251100540161
0.18708661198616028
0.35228514671325684
0.46610307693481445
0.41279757022857666
0.22759708762168884
0.3390708267688751
0.26656731963157654
0.32278114557266235
0.2635774612426758
0.46981075406074524
0.23188327252864838
0.4632733464241028
0.3154534101486206
0.36216944456100464
0.421111524105072
0.37252336740493774
0.2562769651412964
0.2857283055782318
0.410336971282959
0.31353920698165894
0.28404539823532104
0.25808054208755493
0.40917307138442993
0.36837613582611084
0.2981340289115906
0.18822741508483887
0.2544446587562561
0.41638484597206116
0.356575071811676
0.3787437379360199
0.1677115261554718
0.25918716192245483
0.3094978630542755
0.2556249499320984
0.2884138226509094
0.5368891954421997
0.2501906156539917
0.27928483486175537
0.23112668097019196
0.36197200417518616
0.3886135220527649
0.4233061969280243
0.3831842541694641
0.3950174152851105
0.2920876443386078
0.3773609697818756
0.4234408736228943
0.32976827025413513
0.3091650903224945
0.327101469039917
0.30429211258888245
0.47264787554740906
0.1964028775691986
0.38503050804138184
0.25732067227363586
0.31717225909233093
0.23916926980018616
0.38788557052612305
0.3086410462856293
0.31898877024650574
0.3772745728492737
0.26959630846977234
0.3690584599971771
0.40116220712661743
0.26219943165779114
0.3166769742965698
0.18409764766693115
0.2370012253522873
0.3383903205394745
0.2981950640678406
0.3586432933807373
0.40069204568862915
0.22930823266506195
0.3415982723236084
0.4301121234893799
0.20440667867660522
0.2751147747039795
0.18186958134174347
0.37483566999435425
0.3258008360862732
0.22531086206436157
0.1521088033914566
0.35912981629371643
0.2653554677963257
0.28750109672546387
0.21438609063625336
0.35340458154678345
0.3824675977230072
0.2672935724258423
0.27964091300964355
0.33514344692230225
0.2512408196926117
0.4335857629776001
0.28491345047950745
0.3079501986503601
0.3100924491882324
0.2946123778820038
0.20079277455806732
0.2532578110694885
0.31071656942367554
0.23844796419143677
0.3414907157421112
0.2963666319847107
0.25194334983825684
0.3379198908805847
0.24577660858631134
0.35058408975601196
0.28362029790878296
0.389167457818985
0.32448914647102356
0.3420296013355255
0.3695601224899292
0.37023913860321045
0.3090399205684662
0.4221248924732208
0.2009693682193756
0.27935469150543213
0.242736354470253
0.28449562191963196
0.296610951423645
0.30854955315589905
0.2902287244796753
0.24692842364311218
0.39342841506004333
0.3184507489204407
0.46253058314323425
0.19541701674461365
0.4066917300224304
0.15996427834033966
0.3078194856643677
0.20333674550056458
0.28869372606277466
0.3669239282608032
0.365321546792984
0.20209503173828125
0.24093417823314667
0.25689348578453064
0.3368832468986511
0.37083518505096436
0.318064421415329
0.3760499060153961
0.18541236221790314
0.43618500232696533
0.5234384536743164
0.2731373906135559
0.21829409897327423
0.2334795892238617
0.4035446345806122
0.2630637288093567
0.28609028458595276
0.3491620123386383
0.1747700572013855
0.18937532603740692
0.5598275065422058
0.2913050651550293
0.2920149564743042
0.2668912410736084
0.37892383337020874
0.31208011507987976
0.30852022767066956
0.40456849336624146
0.3291653096675873
0.40690895915031433
0.3255828619003296
0.4371299743652344
0.28430452942848206
0.4577725827693939
0.2791188657283783
0.3544519543647766
0.33675840497016907
0.295013964176178
0.18744802474975586
0.36108577251434326
0.20254303514957428
0.2684652805328369
0.4245612919330597
0.3926713168621063
0.3417975604534149
0.2877289950847626
0.33715033531188965
0.19126373529434204
0.12636256217956543
0.36151114106178284
0.2742740511894226
0.28514930605888367
0.4115045368671417
0.44297513365745544
0.3108779788017273
0.43794846534729004
0.26761743426322937
0.3232711851596832
0.2938707768917084
0.1609073281288147
0.28723564743995667
0.13751259446144104
0.30902099609375
0.4265305995941162
0.19736391305923462
0.3540758490562439
0.2552696168422699
0.201437309384346
0.23350660502910614
0.2761240601539612
0.3443540334701538
0.2328079640865326
0.2733496427536011
0.32500430941581726
0.2833404541015625
0.41341516375541687
0.39267563819885254
0.23084977269172668
0.37942883372306824
0.2811763882637024
0.3178212344646454
0.35348308086395264
0.3158540725708008
0.2637937664985657
0.2618764042854309
0.29586848616600037
0.3037366569042206
0.2061932235956192
0.3328359127044678
0.4565989673137665
0.18704105913639069
0.2531580626964569
0.296206533908844
0.15997862815856934
0.21888692677021027
0.16593214869499207
0.2865900695323944
0.4015583097934723
0.3533792197704315
0.3524390459060669
0.42216578125953674
0.16197773814201355
0.2773028016090393
0.36259564757347107
0.3112426698207855
0.41408485174179077
0.25838854908943176
0.34738409519195557
0.4374864399433136
0.2685963213443756
0.35579267144203186
0.5027941465377808
0.43783941864967346
0.39578256011009216
0.2412911057472229
0.2196880429983139
0.29477277398109436
0.30744606256484985
0.3598760962486267
0.41352882981300354
0.34550297260284424
0.2499837428331375
0.1640135496854782
0.2315881848335266
0.27613645792007446
0.2884054183959961
0.18628652393817902
0.31385600566864014
0.2688232362270355
0.47825658321380615
0.31751641631126404
0.3925369679927826
0.33274680376052856
0.2603560984134674
0.18068255484104156
0.2410488724708557
0.33944594860076904
0.3880149722099304
0.2665540277957916
0.20676764845848083
0.32505837082862854
0.3343752324581146
0.24188166856765747
0.2863810360431671
0.42343375086784363
0.4397774338722229
0.2832753360271454
0.3462349772453308
0.18452990055084229
0.31340569257736206
0.261623352766037
0.28244468569755554
0.2646128833293915
0.2305515706539154
0.4802384078502655
0.3753933608531952
0.29518890380859375
0.25148069858551025
0.23844783008098602
0.271268367767334
0.6053750514984131
0.22009029984474182
0.3874537944793701
0.2630293667316437
0.387243390083313
0.23563066124916077
0.22415751218795776
0.2619292736053467
0.3029017448425293
0.28874507546424866
0.20274099707603455
0.35986557602882385
0.30701592564582825
0.40277063846588135
0.22055155038833618
0.257974237203598
0.42671331763267517
0.22861003875732422
0.26335087418556213
0.3225155770778656
0.5529506802558899
0.3368275761604309
0.19662964344024658
0.27372297644615173
0.312128484249115
0.2534047067165375
0.3899652361869812
0.36116844415664673
0.26561209559440613
0.3772895932197571
0.2310768961906433
0.3024994432926178
0.25780239701271057
0.3448668122291565
0.2627069354057312
0.3278740346431732
0.18819434940814972
0.1595364511013031
0.4360484778881073
0.34722378849983215
0.28471171855926514
0.33524826169013977
0.25913605093955994
0.29844629764556885
0.16466864943504333
0.3921680152416229
0.40902838110923767
0.14443038403987885
0.3636338710784912
0.3065042793750763
0.26490381360054016
0.23253583908081055
0.18700021505355835
0.307558536529541
0.26820480823516846
0.4335312843322754
0.2145545780658722
0.15727365016937256
0.20641742646694183
0.22307918965816498
0.2943231165409088
0.28732994198799133
0.4233551025390625
0.19009505212306976
0.3426097333431244
0.23955050110816956
0.3823859393596649
0.29709622263908386
0.26042526960372925
0.2731021046638489
0.21101509034633636
0.28099188208580017
0.36736688017845154
0.36580920219421387
0.21742047369480133
0.4427669644355774
0.30307066440582275
0.2444756031036377
0.17684116959571838
0.2407093644142151
0.27186426520347595
0.27353164553642273
0.3074999153614044
0.25744014978408813
0.2976473271846771
0.35206881165504456
0.2970467507839203
0.2560454308986664
0.15567827224731445
0.43210333585739136
0.31549277901649475
0.25353848934173584
0.38486459851264954
0.30721622705459595
0.42919355630874634
0.23825351893901825
0.35495927929878235
0.29344531893730164
0.260337769985199
0.3575515151023865
0.2748405337333679
0.1744002401828766
0.40717262029647827
0.2359999269247055
0.3405410945415497
0.3046603500843048
0.6239844560623169
0.26124322414398193
0.3128177225589752
0.32873934507369995
0.33653518557548523
0.373661071062088
0.27156153321266174
0.2425040751695633
0.20752926170825958
0.32892975211143494
0.2910897433757782
0.34952813386917114
0.3407115638256073
0.24744278192520142
0.12762673199176788
0.2749899625778198
0.2403644472360611
0.27616846561431885
0.26016637682914734
0.3792686462402344
0.34841668605804443
0.3958727717399597
0.5017306804656982
0.28027257323265076
0.35001784563064575
0.24700170755386353
0.19908694922924042
0.25349342823028564
0.16938260197639465
0.5129126906394958
0.21555539965629578
0.30076655745506287
0.4042374789714813
0.23287434875965118
0.23347409069538116
0.35901734232902527
0.41763532161712646
0.48562419414520264
0.2993369698524475
0.21403400599956512
0.24884377419948578
0.2146303802728653
0.310263991355896
0.30564451217651367
0.2542003095149994
0.5083158016204834
0.2606348693370819
0.31213802099227905
0.4831436276435852
0.25283801555633545
0.2998827397823334
0.25985753536224365
0.30371204018592834
0.20641936361789703
0.4219631850719452
0.4250280559062958
0.2561451494693756
0.18983696401119232
0.21148735284805298
0.2002139389514923
0.23644430935382843
0.2847490906715393
0.30476483702659607
0.24038873612880707
0.373676598072052
0.21962565183639526
0.2782392203807831
0.4097542464733124
0.24769581854343414
0.19981789588928223
0.21968835592269897
0.32702720165252686
0.30395928025245667
0.3770073652267456
0.39862972497940063
0.35885322093963623
0.3165637254714966
0.18912915885448456
0.33008167147636414
0.36381709575653076
0.30111539363861084
0.19088627398014069
0.22220729291439056
0.1517818123102188
0.3040584921836853
0.4467630386352539
0.34006568789482117
0.19560115039348602
0.1635829508304596
0.19694173336029053
0.2696845531463623
0.3636571168899536
0.2582234740257263
0.3237046003341675
0.25418195128440857
0.21766676008701324
0.2859122157096863
0.39798280596733093
0.21586430072784424
0.39706745743751526
0.3261704742908478
0.3151547610759735
0.13808107376098633
0.48645761609077454
0.36454710364341736
0.3328767418861389
0.25861093401908875
0.24194419384002686
0.3479233682155609
0.280311644077301
0.14935724437236786
0.31143027544021606
0.3424913287162781
0.30773380398750305
0.2557256817817688
0.33118167519569397
0.2531760036945343
0.4061644673347473
0.3470233976840973
0.21568861603736877
0.21258698403835297
0.2474297285079956
0.3663293123245239
0.2458593249320984
0.33966925740242004
0.33100056648254395
0.19308266043663025
0.15025083720684052
0.26011598110198975
0.3416759967803955
0.2760586440563202
0.26746124029159546
0.35225436091423035
0.3480559289455414
0.3192075192928314
0.2526528537273407
0.26795727014541626
0.2533567547798157
0.2755989730358124
0.18768130242824554
0.3167533874511719
0.1812451034784317
0.3809233605861664
0.26185938715934753
0.3430320918560028
0.1086476594209671
0.16192378103733063
0.4233316481113434
0.3042496144771576
0.21833333373069763
0.45298609137535095
0.5809712409973145
0.33918139338493347
0.32189279794692993
0.16840213537216187
0.226295605301857
0.2894473671913147
0.2833905816078186
0.2833610773086548
0.32116231322288513
0.30839991569519043
0.3571908473968506
0.23852641880512238
0.2987836003303528
0.2722475528717041
0.3154281973838806
0.23762959241867065
0.43487977981567383
0.3354478180408478
0.2309320569038391
0.20906108617782593
0.3259620666503906
0.26023295521736145
0.14403706789016724
0.34520483016967773
0.25629860162734985
0.1247212141752243
0.3552841544151306
0.3072279691696167
0.4919682443141937
0.2549208402633667
0.294687956571579
0.3267501890659332
0.49022775888442993
0.2035011500120163
0.18092474341392517
0.19528980553150177
0.43836459517478943
0.20596623420715332
0.30051982402801514
0.4566020369529724
0.2446414679288864
0.30864661931991577
0.28488895297050476
0.26957184076309204
0.21761052310466766
0.2685650885105133
0.16587945818901062
0.22765840590000153
0.285298228263855
0.333538293838501
0.2885371446609497
0.29040810465812683
0.32952240109443665
0.18926109373569489
0.18381890654563904
0.12929141521453857
