0.3833695650100708
0.457459032535553
0.3175557851791382
0.2336372435092926
0.2271236926317215
0.3416939675807953
0.2713436186313629
0.21074634790420532
0.5221561789512634
0.3425743281841278
0.3418169319629669
0.4351124167442322
0.24139714241027832
0.3560929000377655
0.2759219706058502
0.27242210507392883
0.43116772174835205
0.3399248421192169
0.4648476243019104
0.3645586669445038
0.31925705075263977
0.24493207037448883
0.4473433494567871
0.15495239198207855
0.3088476061820984
0.25710105895996094
0.4564410448074341
0.35005050897598267
0.25919416546821594
0.3853662312030792
0.18560606241226196
0.35096275806427
0.3258745074272156
0.5405438542366028
0.33381152153015137
0.42504075169563293
0.3493022322654724
0.28067174553871155
0.4561978876590729
0.2969774007797241
0.26410186290740967
0.4258190095424652
0.26381850242614746
0.33051052689552307
0.36832743883132935
0.47617286443710327
0.29049861431121826
0.2549458146095276
0.3040466904640198
0.27992546558380127
0.4233342409133911
0.4579978287220001
0.47389310598373413
0.12743887305259705
0.41263824701309204
0.388898640871048
0.2561856508255005
0.47824937105178833
0.4189801812171936
0.3810291290283203
0.22495758533477783
0.3407595157623291
0.3511901795864105
0.38659459352493286
0.3831397593021393
0.34697088599205017
0.31697219610214233
0.35068967938423157
0.3713001310825348
0.3277035653591156
0.35725295543670654
0.540746808052063
0.23239366710186005
0.29286718368530273
0.2823692262172699
0.3220125138759613
0.36812761425971985
0.3021716773509979
0.22928065061569214
0.4470939636230469
0.382644921541214
0.37389832735061646
0.2852466404438019
0.3933049440383911
0.43168503046035767
0.348019540309906
0.2562621533870697
0.22609181702136993
0.3265378773212433
0.3149518072605133
0.20689071714878082
0.222922682762146
0.30233705043792725
0.21278874576091766
0.424789160490036
0.41646242141723633
0.3921249806880951
0.2479962259531021
0.3447352647781372
0.40687721967697144
0.23424002528190613
0.40228545665740967
0.28494128584861755
0.32283636927604675
0.3575681447982788
0.2728876769542694
0.3523246645927429
0.5114290714263916
0.24053512513637543
0.33867889642715454
0.41791680455207825
0.2877683937549591
0.38370630145072937
0.4226439893245697
0.4494963586330414
0.33772093057632446
0.2864683270454407
0.37735041975975037
0.36285901069641113
0.3527529835700989
0.2934591770172119
0.33343952894210815
0.4113602936267853
0.4491943120956421
0.3378060758113861
0.32322022318840027
0.3547288477420807
0.4391961693763733
0.4364021420478821
0.2580202519893646
0.27718427777290344
0.4475953280925751
0.5138174891471863
0.3418586254119873
0.25080153346061707
0.2952823042869568
0.328122079372406
0.413954496383667
0.48302072286605835
0.2627268135547638
0.3778477609157562
0.4000646471977234
0.2530140280723572
0.37550482153892517
0.3120530843734741
0.2854810953140259
0.23624585568904877
0.38410529494285583
0.3436671197414398
0.27671340107917786
0.2997656464576721
0.2763894200325012
0.3475947976112366
0.3644735515117645
0.3982468843460083
0.3121395409107208
0.3873666524887085
0.20575492084026337
0.4776802062988281
0.26072025299072266
0.21292376518249512
0.4829830825328827
0.34688863158226013
0.4150085747241974
0.24917499721050262
0.2657957375049591
0.29137489199638367
0.2587994933128357
0.30681684613227844
0.18522152304649353
0.3258393704891205
0.2671607732772827
0.24584703147411346
0.37445491552352905
0.36462968587875366
0.2547801733016968
0.38643017411231995
0.2403930127620697
0.5006284117698669
0.2437411993741989
0.31443366408348083
0.33291372656822205
0.4893381595611572
0.3085239827632904
0.42918795347213745
0.4753211736679077
0.2234649658203125
0.39177072048187256
0.2317020744085312
0.3825359642505646
0.36256200075149536
0.20907332003116608
0.37183383107185364
0.3036556541919708
0.6645499467849731
0.36250168085098267
0.3495109975337982
0.2834237515926361
0.19474691152572632
0.4293240010738373
0.4476359784603119
0.4511537253856659
0.2966685891151428
0.3552812337875366
0.2238752692937851
0.5123001933097839
0.31510254740715027
0.38919797539711
0.30560240149497986
0.438428670167923
0.23327603936195374
0.2612551748752594
0.24326100945472717
0.3858479857444763
0.38506409525871277
0.3696509897708893
0.32053789496421814
0.2722521424293518
0.30616524815559387
0.3407377600669861
0.349025696516037
0.30527907609939575
0.33600783348083496
0.43248265981674194
0.28712689876556396
0.37921425700187683
0.3560866117477417
0.3351156413555145
0.3282604217529297
0.32470226287841797
0.3560011088848114
0.25841641426086426
0.3076455593109131
0.41775375604629517
0.3410545289516449
0.1830657571554184
0.3529939651489258
0.4508707821369171
0.4058569073677063
0.36688241362571716
0.38478973507881165
0.4376757740974426
0.331126868724823
0.22141936421394348
0.5051539540290833
0.31599682569503784
0.28547704219818115
0.3722669184207916
0.3285592794418335
0.4592030346393585
0.2620624005794525
0.26339828968048096
0.5191332101821899
0.3781471848487854
0.3567887842655182
0.34824374318122864
0.3477593958377838
0.29244178533554077
0.4247174859046936
0.42882412672042847
0.26758265495300293
0.1651635318994522
0.2912319600582123
0.3449418246746063
0.22635789215564728
0.14839710295200348
0.4326968193054199
0.5026465654373169
0.38444042205810547
0.442756712436676
0.3517370820045471
0.6065423488616943
0.418094277381897
0.40120166540145874
0.48995497822761536
0.47939085960388184
0.42906418442726135
0.3177706301212311
0.2808309495449066
0.3788231611251831
0.37742507457733154
0.40727928280830383
0.29334092140197754
0.27457427978515625
0.3169861435890198
0.45190390944480896
0.26082584261894226
0.47376441955566406
0.4721648097038269
0.3326367735862732
0.343759149312973
0.4468534588813782
0.24664610624313354
0.3276072144508362
0.35905587673187256
0.5945962071418762
0.37554511427879333
0.4142945408821106
0.422096848487854
0.4390973150730133
0.21159325540065765
0.390247642993927
0.33443483710289
0.15134401619434357
0.2758970856666565
0.29352185130119324
0.45268428325653076
0.27016159892082214
0.39195218682289124
0.5747871398925781
0.3516711890697479
0.29597964882850647
0.4450375735759735
0.3258965015411377
0.3517426550388336
0.24778535962104797
0.2343040257692337
0.3395734131336212
0.19330820441246033
0.36253872513771057
0.4438243508338928
0.38305482268333435
0.2821861207485199
0.41526010632514954
0.27074506878852844
0.3302362263202667
0.2513694167137146
0.33719781041145325
0.21673303842544556
0.3683863580226898
0.1839040070772171
0.3205310106277466
0.35871031880378723
0.2686828672885895
0.4180287718772888
0.39297112822532654
0.15203090012073517
0.4131338596343994
0.19959236681461334
0.22333598136901855
0.30408141016960144
0.48774442076683044
0.35356464982032776
0.2819826304912567
0.40437760949134827
0.46610748767852783
0.30823585391044617
0.271543025970459
0.3196985721588135
0.40349212288856506
0.27842938899993896
0.5087323784828186
0.12971772253513336
0.3211510479450226
0.21011659502983093
0.33149823546409607
0.1469033658504486
0.30356815457344055
0.3988962471485138
0.21943527460098267
0.41843387484550476
0.3416905999183655
0.19568102061748505
0.41945022344589233
0.3219233751296997
0.5022411942481995
0.46803104877471924
0.438559889793396
0.2654663324356079
0.193054661154747
0.3508589565753937
0.34986230731010437
0.2644287049770355
0.32374924421310425
0.4315268099308014
0.3360389173030853
0.2515370845794678
0.3951103389263153
0.3129194974899292
0.3299410045146942
0.23667767643928528
0.4194928705692291
0.4101262092590332
0.22299088537693024
0.18116186559200287
0.24647317826747894
0.22224383056163788
0.335969477891922
0.23069392144680023
0.40029263496398926
0.22392602264881134
0.20024465024471283
0.28378549218177795
0.3184553384780884
0.4189654588699341
0.5218141078948975
0.3391859233379364
0.4548627734184265
0.14301060140132904
0.23847386240959167
0.45535221695899963
0.45058178901672363
0.5308284163475037
0.42736920714378357
0.3802489936351776
0.3753475844860077
0.39004406332969666
0.3200474679470062
0.5698476433753967
0.4085233807563782
0.2766387164592743
0.4739782512187958
0.36044207215309143
0.24301181733608246
0.4370647370815277
0.252847284078598
0.4026927649974823
0.22675375640392303
0.39283376932144165
0.37474095821380615
0.4354047477245331
0.2867574691772461
0.226443350315094
0.4530382752418518
0.31864356994628906
0.48319947719573975
0.23562847077846527
0.20027117431163788
0.231548011302948
0.320256769657135
0.44179481267929077
0.28386634588241577
0.3189459443092346
0.4889589548110962
0.37002032995224
0.24522584676742554
0.25148770213127136
0.48711416125297546
0.21383428573608398
0.2468109428882599
0.30081847310066223
0.5006420612335205
0.4046971797943115
0.20274585485458374
0.2638383209705353
0.3109186291694641
0.34718427062034607
0.3284370005130768
0.35446372628211975
0.47811436653137207
0.2826025187969208
0.2955799102783203
0.3025452792644501
0.5192292928695679
0.3872826397418976
0.40301379561424255
0.4182610511779785
0.29854342341423035
0.32997623085975647
0.3760524094104767
0.2088787704706192
0.33525267243385315
0.26990726590156555
0.29431065917015076
0.5989242196083069
0.2600876986980438
0.18880663812160492
0.32513099908828735
0.2464699000120163
0.28879863023757935
0.3255043923854828
0.38823410868644714
0.26562076807022095
0.1818300187587738
0.34794020652770996
0.3210107684135437
0.4839724004268646
0.34303924441337585
0.1908584088087082
0.4162026047706604
0.33577921986579895
0.3533318042755127
0.21371693909168243
0.5253298878669739
0.49627161026000977
0.46007537841796875
0.24940282106399536
0.2674877941608429
0.27061155438423157
0.38106948137283325
0.2438896894454956
0.2613504230976105
0.2952256500720978
0.3556579351425171
0.32576245069503784
0.29343950748443604
0.5145294666290283
0.28731006383895874
0.2370149791240692
0.21828831732273102
0.2568050026893616
0.382671594619751
0.22998255491256714
0.5177106261253357
0.155301034450531
0.2282114028930664
0.4003819227218628
0.1379249393939972
0.25904205441474915
0.32952919602394104
0.32057350873947144
0.4251512885093689
0.5732414126396179
0.42850440740585327
0.3542427718639374
0.32388243079185486
0.40527141094207764
0.34193992614746094
0.2051660716533661
0.29645201563835144
0.278870552778244
0.38043636083602905
0.2881186902523041
0.36061760783195496
0.39147689938545227
0.3561297059059143
0.4654799997806549
0.16522401571273804
0.26310935616493225
0.43109285831451416
0.2267259955406189
0.39902061223983765
0.2482161521911621
0.34233251214027405
0.3748352825641632
0.32858988642692566
0.39584270119667053
0.20883257687091827
0.4772297441959381
0.24480855464935303
0.40602558851242065
0.25106388330459595
0.3953162133693695
0.2922987639904022
0.3294562101364136
0.42772480845451355
0.29822447896003723
0.26256364583969116
0.3637106120586395
0.5370354056358337
0.30986708402633667
0.378288596868515
0.37601032853126526
0.28672927618026733
0.35837990045547485
0.3171956539154053
0.35489359498023987
0.2767581641674042
0.36503612995147705
0.38012322783470154
0.24061450362205505
0.3821130394935608
0.23922879993915558
0.2951384484767914
0.18055874109268188
0.3689141571521759
0.36661869287490845
0.350565642118454
0.4774019718170166
0.3621000349521637
0.24601726233959198
0.23674333095550537
0.32974323630332947
0.2604696452617645
0.2882671058177948
0.26102733612060547
0.2494184374809265
0.20257419347763062
0.3591589629650116
0.22580505907535553
0.3049994111061096
0.4655251204967499
0.3080102205276489
0.2111472636461258
0.45370739698410034
0.32920944690704346
0.4288059175014496
0.25203660130500793
0.2769731283187866
0.40152978897094727
0.4676308035850525
0.3428230285644531
0.45511412620544434
0.2659485936164856
0.3156410753726959
0.4569699466228485
0.328732430934906
0.30099737644195557
0.23338621854782104
0.3243763744831085
0.4664851427078247
0.32548776268959045
0.2049817144870758
0.4187964200973511
0.3535196781158447
0.2528955340385437
0.44078782200813293
0.2915646433830261
0.2931520640850067
0.3314632475376129
0.5324393510818481
0.287895143032074
0.4887244701385498
0.4818747639656067
0.36445152759552
0.2831314504146576
0.28927621245384216
0.2392972707748413
0.5294573307037354
0.29291123151779175
0.4773629903793335
0.38896894454956055
0.233380526304245
0.3178997337818146
0.3796655833721161
0.3283796012401581
0.5064822435379028
0.4303531050682068
0.39784112572669983
0.2159208506345749
0.4746799170970917
0.45933443307876587
0.4123481810092926
0.2941335141658783
0.35611531138420105
0.24812130630016327
0.2376256138086319
0.22246940433979034
0.2913842797279358
0.29446008801460266
0.26570555567741394
0.31336623430252075
0.41198739409446716
0.24528804421424866
0.378341406583786
0.2874316871166229
0.2049339860677719
0.28461742401123047
0.42559272050857544
0.23706285655498505
0.32696494460105896
0.3885418474674225
0.45424866676330566
0.24701665341854095
0.3128116726875305
0.2541676461696625
0.4792841374874115
0.34506016969680786
0.2441800981760025
0.27413469552993774
0.4124917685985565
0.2448885142803192
0.24459725618362427
0.5201252698898315
0.1932743787765503
0.3555469214916229
0.3201723098754883
0.42130160331726074
0.3071274161338806
0.2697135806083679
0.32276469469070435
0.3110409677028656
0.3295665681362152
0.29374751448631287
0.2847743034362793
0.37015292048454285
0.3747953772544861
0.28909602761268616
0.24984697997570038
0.27411583065986633
0.5705216526985168
0.33395543694496155
0.364374041557312
0.2070619761943817
0.44179436564445496
0.4862153232097626
0.4160865843296051
0.33655256032943726
0.20468464493751526
0.341738760471344
0.43276265263557434
0.2585916817188263
0.3476082384586334
0.2733667492866516
0.23281073570251465
0.4362339973449707
0.2873862385749817
0.21462611854076385
0.3841693103313446
0.45099732279777527
0.36699265241622925
0.44023799896240234
0.21599800884723663
0.3477572798728943
0.4758620262145996
0.27715691924095154
0.2145022749900818
0.281430184841156
0.42105746269226074
0.27804282307624817
0.29749926924705505
0.323866605758667
0.21259906888008118
0.40545809268951416
0.2914155125617981
0.36976054310798645
0.3944520056247711
0.38591641187667847
0.5322362184524536
0.5386718511581421
0.2746399939060211
0.2979426383972168
0.28495368361473083
0.3234958052635193
0.3885364234447479
0.46564409136772156
0.41351643204689026
0.40895044803619385
0.238052099943161
0.5821521282196045
0.34572696685791016
0.2271777093410492
0.1944737285375595
0.13954958319664001
0.33909204602241516
0.22428669035434723
0.343963623046875
0.2937312424182892
0.45308536291122437
0.259596049785614
0.3631457984447479
0.3704138696193695
0.3831958770751953
0.18227235972881317
0.3452887237071991
0.27864551544189453
0.2650125324726105
0.3230319321155548
0.2416815310716629
0.4514772593975067
0.3722829222679138
0.2755565047264099
0.3324072062969208
0.2768743932247162
0.3365395963191986
0.3584301173686981
0.276371568441391
0.4404960572719574
0.22910521924495697
0.48979490995407104
0.31704506278038025
0.36352309584617615
0.47900474071502686
0.4230349063873291
0.3266165256500244
0.16838771104812622
0.465520441532135
0.27166295051574707
0.4647217392921448
0.26158714294433594
0.3892349302768707
0.26773932576179504
0.3140791654586792
0.35835638642311096
0.2515723407268524
0.285208135843277
0.2505214214324951
0.3189263641834259
0.22669717669487
0.337059885263443
0.32742488384246826
0.0594971589744091
