0.2301172912120819
0.26987358927726746
0.28860169649124146
0.28132253885269165
0.2517361640930176
0.1631113886833191
0.3197675049304962
0.17525584995746613
0.4960048198699951
0.5363225936889648
0.18764622509479523
0.32188501954078674
0.25987520813941956
0.3261832296848297
0.301561564207077
0.3225477635860443
0.2243817299604416
0.3300349712371826
0.2316148579120636
0.3703456223011017
0.2846638262271881
0.14804457128047943
0.173436239361763
0.23230092227458954
0.49739232659339905
0.18648849427700043
0.26824265718460083
0.26804211735725403
0.3449215292930603
0.18277518451213837
0.3168390691280365
0.16799573600292206
0.33495333790779114
0.2946940064430237
0.28302714228630066
0.16787834465503693
0.19019265472888947
0.2645779848098755
0.278743177652359
0.40863221883773804
0.21354207396507263
0.3398183286190033
0.24202318489551544
0.16057725250720978
0.3407733738422394
0.2013140618801117
0.1630045473575592
0.33073702454566956
0.3004961907863617
0.20760482549667358
0.24648790061473846
0.1594296097755432
0.2017204612493515
0.19314661622047424
0.43400904536247253
0.35302266478538513
0.2502041459083557
0.32212790846824646
0.2717230021953583
0.45418044924736023
0.19780951738357544
0.23939819633960724
0.3527275621891022
0.29144564270973206
0.26967179775238037
0.3486559987068176
0.33120936155319214
0.2740662693977356
0.11853571981191635
0.3020916283130646
0.3706634044647217
0.31629326939582825
0.37774479389190674
0.2043757438659668
0.23789003491401672
0.3296405076980591
0.4609185457229614
0.36866751313209534
0.4855307340621948
0.22431105375289917
0.24815340340137482
0.2424902617931366
0.4328112304210663
0.2501122057437897
0.35042500495910645
0.2310865819454193
0.1958574801683426
0.2762250006198883
0.2767895460128784
0.4562971591949463
0.48454761505126953
0.34407347440719604
0.5190227627754211
0.13859286904335022
0.363595575094223
0.2242862433195114
0.20527565479278564
0.1807057112455368
0.485443651676178
0.26302579045295715
0.2840437889099121
0.28486791253089905
0.24812078475952148
0.19372230768203735
0.2965615689754486
0.31236788630485535
0.1782061606645584
0.39517974853515625
0.46486493945121765
0.33813512325286865
0.24169324338436127
0.269965797662735
0.464033842086792
0.17541269958019257
0.19724826514720917
0.24213631451129913
0.2677530348300934
0.2665506601333618
0.2382219433784485
0.2592771053314209
0.25721821188926697
0.33926334977149963
0.25643035769462585
0.3171488344669342
0.34933730959892273
0.2546626627445221
0.3222077190876007
0.23665621876716614
0.2770853042602539
0.24052710831165314
0.2902233302593231
0.20032478868961334
0.4751383364200592
0.2951686680316925
0.25259044766426086
0.2445242702960968
0.33184701204299927
0.277651846408844
0.2098822295665741
0.09894387423992157
0.44210484623908997
0.2918775677680969
0.4045763909816742
0.23690256476402283
0.27482256293296814
0.2529839277267456
0.27341288328170776
0.3847784101963043
0.3675115704536438
0.2775515615940094
0.31816038489341736
0.27565014362335205
0.296359658241272
0.2009269893169403
0.16736291348934174
0.3914673924446106
0.22062784433364868
0.256077378988266
0.19802086055278778
0.1988445669412613
0.35103070735931396
0.1609724760055542
0.10058280825614929
0.26267489790916443
0.26995089650154114
0.33240750432014465
0.28818556666374207
0.18039937317371368
0.33122187852859497
0.4222184717655182
0.14439627528190613
0.224516361951828
0.2762238085269928
0.3289881944656372
0.22345080971717834
0.12826523184776306
0.446194052696228
0.3537653088569641
0.28522586822509766
0.23211626708507538
0.309557169675827
0.31489384174346924
0.33191007375717163
0.3962821960449219
0.36992311477661133
0.2857941687107086
0.3927074670791626
0.4058084785938263
0.16379386186599731
0.3415256142616272
0.3385954797267914
0.44115862250328064
0.23372270166873932
0.1781153678894043
0.2507573962211609
0.38649722933769226
0.2231578230857849
0.13622020184993744
0.36311963200569153
0.31614938378334045
0.13814492523670197
0.268542617559433
0.23078341782093048
0.3234268128871918
0.34310030937194824
0.2793852686882019
0.44084182381629944
0.392418771982193
0.2770741581916809
0.20435725152492523
0.3007378578186035
0.29922664165496826
0.28340205550193787
0.21043628454208374
0.353593111038208
0.4296470284461975
0.2633608877658844
0.13869421184062958
0.1923038810491562
0.24523039162158966
0.2511150538921356
0.3398780822753906
0.261935830116272
0.3262840509414673
0.2342499941587448
0.2515316605567932
0.46019068360328674
0.30565541982650757
0.4384523928165436
0.2522350549697876
0.13612639904022217
0.22714075446128845
0.2887900471687317
0.2354166954755783
0.19324509799480438
0.2901468276977539
0.2189391553401947
0.2315485179424286
0.1786668747663498
0.2967839241027832
0.29481983184814453
0.20500494539737701
0.385751336812973
0.2857467830181122
0.1950628012418747
0.34931209683418274
0.49096935987472534
0.2003099024295807
0.1655106544494629
0.21390581130981445
0.24010728299617767
0.2782101035118103
0.434219628572464
0.16696518659591675
0.19505400955677032
0.30323871970176697
0.27170848846435547
0.21282856166362762
0.2815232276916504
0.3017326295375824
0.2377292811870575
0.45320913195610046
0.2733818590641022
0.2658021152019501
0.2873639464378357
0.20602776110172272
0.28050491213798523
0.42288127541542053
0.256918728351593
0.29955384135246277
0.36884650588035583
0.2275332510471344
0.29373791813850403
0.17842097580432892
0.23785819113254547
0.2578350007534027
0.35625070333480835
0.4956781268119812
0.28633248805999756
0.327979177236557
0.2032345086336136
0.24166637659072876
0.23330548405647278
0.3809071183204651
0.2532716691493988
0.23574911057949066
0.27976861596107483
0.2477973997592926
0.3298465609550476
0.16620919108390808
0.2690446674823761
0.4002082645893097
0.32971715927124023
0.23191632330417633
0.31765222549438477
0.284025639295578
0.1922505646944046
0.2664138972759247
0.4942260682582855
0.3318828046321869
0.41225194931030273
0.3965168297290802
0.33002904057502747
0.16835817694664001
0.28621479868888855
0.3366440534591675
0.2884063422679901
0.32247695326805115
0.3689100444316864
0.26768821477890015
0.21846042573451996
0.300860732793808
0.3095637857913971
0.5089280605316162
0.3680356442928314
0.3125000596046448
0.43795785307884216
0.2686236500740051
0.33598387241363525
0.20104913413524628
0.2621406018733978
0.31880342960357666
0.19727106392383575
0.25265374779701233
0.2863222360610962
0.19699536263942719
0.33743464946746826
0.3413134813308716
0.2392381876707077
0.462157279253006
0.2100217640399933
0.3853333592414856
0.2695242464542389
0.256261944770813
0.16843265295028687
0.2664341628551483
0.4748398959636688
0.299653559923172
0.29544660449028015
0.2085970938205719
0.24709413945674896
0.20437590777873993
0.344998300075531
0.39070165157318115
0.3279102146625519
0.2633814811706543
0.30138474702835083
0.3659648299217224
0.22568270564079285
0.18749530613422394
0.2668243944644928
0.18785503506660461
0.23507052659988403
0.27873486280441284
0.1975959837436676
0.2099432647228241
0.354006290435791
0.27575695514678955
0.2223096489906311
0.2571105360984802
0.2761422097682953
0.23047062754631042
0.18486830592155457
0.2829209864139557
0.2620735168457031
0.33374524116516113
0.23430339992046356
0.2057805061340332
0.20316682755947113
0.3859305679798126
0.29123780131340027
0.3234251141548157
0.23469573259353638
0.459802508354187
0.2634798586368561
0.28957507014274597
0.16297566890716553
0.28315258026123047
0.24086663126945496
0.5173043608665466
0.43134161829948425
0.21218764781951904
0.3086002767086029
0.20367200672626495
0.3578515648841858
0.32438382506370544
0.10375741869211197
0.22377054393291473
0.3714264929294586
0.20983709394931793
0.5563732981681824
0.23764429986476898
0.1080455332994461
0.271487832069397
0.5162978172302246
0.3287186324596405
0.36068427562713623
0.3366507291793823
0.20344173908233643
0.19984591007232666
0.23290978372097015
0.2208845019340515
0.1301344633102417
0.14759626984596252
0.3239949345588684
0.3176451325416565
0.22102326154708862
0.5497596859931946
0.30243438482284546
0.26485568284988403
0.15595188736915588
0.2969004213809967
0.23240423202514648
0.22886382043361664
0.18349409103393555
0.22990885376930237
0.20513319969177246
0.3791208863258362
0.39051467180252075
0.38667988777160645
0.23078754544258118
0.28339794278144836
0.369584321975708
0.2093357890844345
0.30083394050598145
0.17721635103225708
0.205414816737175
0.22571809589862823
0.1995561569929123
0.3958730101585388
0.2768554389476776
0.25735196471214294
0.3669658899307251
0.35640257596969604
0.31024932861328125
0.3422340154647827
0.25011375546455383
0.35054510831832886
0.3825984299182892
0.2782076895236969
0.21048881113529205
0.33638155460357666
0.2632204592227936
0.1667877733707428
0.1638227105140686
0.13012246787548065
0.5459316968917847
0.2784823775291443
0.21717853844165802
0.4706326723098755
0.20560984313488007
0.20530155301094055
0.3196296691894531
0.4267803430557251
0.3703535795211792
0.34020352363586426
0.2695172131061554
0.20394408702850342
0.6306396126747131
0.20907071232795715
0.33494246006011963
0.3103262782096863
0.14488869905471802
0.11760714650154114
0.2425730675458908
0.4508255422115326
0.20047318935394287
0.25321581959724426
0.2652807831764221
0.2439519166946411
0.17025333642959595
0.25054049491882324
0.18687912821769714
0.23584124445915222
0.43028783798217773
0.1656411737203598
0.44676750898361206
0.3902222514152527
0.3197750747203827
0.27435070276260376
0.3277844190597534
0.16665709018707275
0.34073421359062195
0.25744035840034485
0.37870463728904724
0.21942046284675598
0.3983413577079773
0.4864957928657532
0.16835638880729675
0.16154742240905762
0.148142009973526
0.26891443133354187
0.4922005832195282
0.29520612955093384
0.27755939960479736
0.1356719434261322
0.20072802901268005
0.24541424214839935
0.1630331426858902
0.45391857624053955
0.38768070936203003
0.20776650309562683
0.3090062737464905
0.23130764067173004
0.32317498326301575
0.3512250781059265
0.26096007227897644
0.33696526288986206
0.18707282841205597
0.2578185200691223
0.23113754391670227
0.35775309801101685
0.5688276886940002
0.38953909277915955
0.22433587908744812
0.15799441933631897
0.38595113158226013
0.2735137939453125
0.2062293440103531
0.29286202788352966
0.18329939246177673
0.28544652462005615
0.2684151232242584
0.4767691195011139
0.4511927664279938
0.4407143294811249
0.2224215865135193
0.18390509486198425
0.21428996324539185
0.2244117110967636
0.26314815878868103
0.208597332239151
0.18741381168365479
0.3028469681739807
0.19969630241394043
0.37109440565109253
0.32644107937812805
0.21076425909996033
0.2431245595216751
0.20803065598011017
0.36221426725387573
0.1665634661912918
0.5180269479751587
0.23711490631103516
0.29904428124427795
0.270956426858902
0.22771410644054413
0.2730410397052765
0.24031516909599304
0.241837278008461
0.27855706214904785
0.19579516351222992
0.21409070491790771
0.2975926399230957
0.14591330289840698
0.34354788064956665
0.3460168242454529
0.2957261800765991
0.20330944657325745
0.21001864969730377
0.21384842693805695
0.5050089955329895
0.3398292064666748
0.5505170226097107
0.2690863609313965
0.3890835642814636
0.16549618542194366
0.2562306225299835
0.4710640609264374
0.17940858006477356
0.23936684429645538
0.5722435116767883
0.3175264894962311
0.4702445864677429
0.3880555033683777
0.22352442145347595
0.27064448595046997
0.13778716325759888
0.2692582905292511
0.23025235533714294
0.2493891566991806
0.18135550618171692
0.4408310651779175
0.13705149292945862
0.17903020977973938
0.455135703086853
0.2074936330318451
0.2531580328941345
0.24715586006641388
0.3138788044452667
0.15728695690631866
0.26435065269470215
0.09529440850019455
0.3101867437362671
0.3812742233276367
0.28179675340652466
0.15413078665733337
0.3375449776649475
0.41079139709472656
0.23840680718421936
0.24890896677970886
0.3125227689743042
0.2536655366420746
0.21012181043624878
0.2291274070739746
0.5465505719184875
0.37891310453414917
0.2785184383392334
0.26889967918395996
0.2704298496246338
0.41635578870773315
0.2351568192243576
0.315397709608078
0.3252200186252594
0.19367772340774536
0.34503844380378723
0.34169015288352966
0.24076597392559052
0.4355497360229492
0.5313146114349365
0.3913203775882721
0.3242083191871643
0.3162370026111603
0.19048818945884705
0.23232272267341614
0.2844686806201935
0.3266385793685913
0.18730710446834564
0.266852468252182
0.1405930370092392
0.2752106189727783
0.2937818765640259
0.402794748544693
0.19182716310024261
0.16778428852558136
0.2996161878108978
0.18239960074424744
0.17826996743679047
0.4579733908176422
0.4126381576061249
0.3891355097293854
0.3089964687824249
0.43765562772750854
0.19689545035362244
0.19594377279281616
0.43279486894607544
0.4115123152732849
0.2711094617843628
0.3030957579612732
0.19421401619911194
0.3390822410583496
0.29335832595825195
0.22667577862739563
0.22197504341602325
0.32838836312294006
0.3103078603744507
0.2073618769645691
0.2575008273124695
0.3016121983528137
0.29420486092567444
0.24336808919906616
0.2714267373085022
0.27374839782714844
0.24736930429935455
0.26866742968559265
0.27802568674087524
0.30940482020378113
0.30026841163635254
0.20477008819580078
0.2698192000389099
0.2938198745250702
0.33707869052886963
0.4312397539615631
0.3557715117931366
0.3054521083831787
0.1581762284040451
0.1719885617494583
0.2686949074268341
0.3180098533630371
0.2811075448989868
0.2840118706226349
0.3321739733219147
0.32210594415664673
0.3337448239326477
0.20914995670318604
0.2470569759607315
0.3566633462905884
0.24207763373851776
0.35541000962257385
0.1879565417766571
0.3878488838672638
0.332621306180954
0.30837661027908325
0.3242969512939453
0.23959362506866455
0.17597399652004242
0.38745686411857605
0.16711543500423431
0.12181257456541061
0.3598853051662445
0.30655503273010254
0.2731069326400757
0.3345632553100586
0.6055490970611572
0.2375032603740692
0.5146369934082031
0.2055753469467163
0.23779620230197906
0.29329463839530945
0.21341988444328308
0.24787583947181702
0.30668768286705017
0.1348007768392563
0.15975597500801086
0.42504462599754333
0.3183688819408417
0.2919033169746399
0.1823040395975113
0.20209041237831116
0.1642448604106903
0.21637827157974243
0.3157155215740204
0.28315943479537964
0.22514475882053375
0.3711337149143219
0.29075887799263
0.33299386501312256
0.2876514792442322
0.23354575037956238
0.38903671503067017
0.30144810676574707
0.2487190216779709
0.21491074562072754
0.25784245133399963
0.1597985178232193
0.3556373119354248
0.28472059965133667
0.33099865913391113
0.286588191986084
0.3092556893825531
0.22022250294685364
0.23763830959796906
0.19287501275539398
0.29609623551368713
0.4180540144443512
0.16355369985103607
0.2512611150741577
0.33391478657722473
0.5089625120162964
0.1861773282289505
0.28569796681404114
0.1765061616897583
0.4418172240257263
0.4155089855194092
0.4075208604335785
0.18517263233661652
0.23074690997600555
0.24002818763256073
0.35177868604660034
0.33359262347221375
0.4170196056365967
0.3057680130004883
0.1644642949104309
0.32030022144317627
0.22788722813129425
0.4369422495365143
0.4007357954978943
0.2894807457923889
0.24712136387825012
0.1510162055492401
0.35419028997421265
0.3147149980068207
0.21836528182029724
0.27186906337738037
0.16006337106227875
0.2895353138446808
0.15937113761901855
0.46070948243141174
0.3959052264690399
0.3341321051120758
0.288638710975647
0.5933310985565186
