0.691892683506012
0.7054024934768677
0.6887683272361755
0.6957254409790039
0.6983609199523926
0.6937876343727112
0.6816882491111755
0.6996282339096069
0.6972041726112366
0.6899898052215576
0.6891801357269287
0.6840814352035522
0.6952194571495056
0.688607931137085
0.6908980011940002
0.6831367015838623
0.6909788250923157
0.6880007982254028
0.6891149878501892
0.6904645562171936
0.6891707181930542
0.689984917640686
0.6870223879814148
0.6907616853713989
0.6844845414161682
0.6843428611755371
0.6871861815452576
0.6816322207450867
0.6887166500091553
0.6902745962142944
0.6869884133338928
0.6920580267906189
0.6849395036697388
0.6899718046188354
0.6859069466590881
0.6916971802711487
0.693687379360199
0.6801645755767822
0.6854314804077148
0.683209240436554
0.6956843733787537
0.6789484024047852
0.6884149312973022
0.6793403625488281
0.6767791509628296
0.6968117356300354
0.6899175047874451
0.6760534644126892
0.6899630427360535
0.6838806867599487
0.6903405785560608
0.6774162650108337
0.6638959646224976
0.6833035945892334
0.6830850839614868
0.7123277187347412
0.6924049854278564
0.6749705672264099
0.6854631900787354
0.6758416295051575
0.6875523328781128
0.6865197420120239
0.6832293272018433
0.6823273301124573
0.6688132882118225
0.6792897582054138
0.6757610440254211
0.6763866543769836
0.6799812316894531
0.681100070476532
0.6764200329780579
0.6674473285675049
0.6877768039703369
0.6666911840438843
0.6751102805137634
0.6703202724456787
0.672487735748291
0.6721797585487366
0.683041512966156
0.6875092387199402
0.6736722588539124
0.665966272354126
0.669165313243866
0.6751277446746826
0.6764353513717651
0.6865038275718689
0.6702591180801392
0.6668863892555237
0.6690418124198914
0.6778798699378967
0.6818884611129761
0.655403733253479
0.6709434390068054
0.677691638469696
0.6803237795829773
0.6691977381706238
0.650412380695343
0.6774928569793701
0.6723306179046631
0.657684862613678
0.6695456504821777
0.6940712928771973
0.6818497776985168
0.6701397895812988
0.6576094627380371
0.6744277477264404
0.6713346838951111
0.6778075695037842
0.6705233454704285
0.6706783175468445
0.6920565366744995
0.6671223044395447
0.6689335107803345
0.6494598388671875
0.6606295108795166
0.667076051235199
0.6696496605873108
0.6716728806495667
0.65958571434021
0.6807368993759155
0.6577590703964233
0.6582275032997131
0.6851061582565308
0.6606708765029907
0.6701388359069824
0.6379314064979553
0.6621553301811218
0.6478139162063599
0.6540215015411377
0.6525852084159851
0.6436851024627686
0.6774265170097351
0.6381337642669678
0.6684845089912415
0.6468385457992554
0.6827982664108276
0.6888713836669922
0.659757137298584
0.6786116361618042
0.6582876443862915
0.6549054980278015
0.6486884951591492
0.676349401473999
0.6780894994735718
0.6685339212417603
0.6351392865180969
0.6766166687011719
0.6335530281066895
0.6844344139099121
0.664933443069458
0.6644456386566162
0.6519019603729248
0.6268762946128845
0.6501265168190002
0.6690554022789001
0.641235888004303
0.6566941142082214
0.6768550276756287
0.6942920684814453
0.6454322338104248
0.675421953201294
0.6372177004814148
0.6484841108322144
0.6607929468154907
0.632580578327179
0.6400689482688904
0.6497395634651184
0.6536329388618469
0.6683564782142639
0.6274996995925903
0.6310042142868042
0.62071293592453
0.6705058217048645
0.642802894115448
0.6318299174308777
0.6717312335968018
0.6935741901397705
0.7077804803848267
0.6724709272384644
0.6295822858810425
0.657038152217865
0.6518515944480896
0.6687087416648865
0.6373999118804932
0.6360623836517334
0.6390392184257507
0.6540117859840393
0.6421328186988831
0.6717333793640137
0.6570355892181396
0.670571506023407
0.6372340321540833
0.6572654247283936
0.6871402263641357
0.6454882621765137
0.6410418748855591
0.7065642476081848
0.6516562700271606
0.6415698528289795
0.6280590295791626
0.6413794755935669
0.6198550462722778
0.661799430847168
0.6062669157981873
0.6208462715148926
0.6395010948181152
0.6344055533409119
0.6893723607063293
0.6527360081672668
0.6552698016166687
0.6661778688430786
0.6589440107345581
0.658628523349762
0.6507877707481384
0.607570469379425
0.6509860754013062
0.6537420749664307
0.6115612983703613
0.6543617248535156
0.6530227065086365
0.6360267996788025
0.6561809182167053
0.6407765746116638
0.6045302152633667
0.6503264307975769
0.6371155381202698
0.656481921672821
0.6543335318565369
0.6272080540657043
0.634143054485321
0.6137900948524475
0.6404833793640137
0.6153172850608826
0.6510642766952515
0.6279404163360596
0.6446225047111511
0.6394649147987366
0.6015474796295166
0.6688398718833923
0.6418999433517456
0.62430739402771
0.6190744042396545
0.6287078261375427
0.6509963870048523
0.5788406729698181
0.6455942392349243
0.6303414106369019
0.6410146951675415
0.6239995360374451
0.6084831357002258
0.6277628540992737
0.6410403251647949
0.6073920130729675
0.6373966336250305
0.6099295616149902
0.6135313510894775
0.6149159073829651
0.6267427802085876
0.6304566264152527
0.6269435882568359
0.6183904409408569
0.6102988719940186
0.6380936503410339
0.6292091012001038
0.6075535416603088
0.6575726866722107
0.6603960394859314
0.660733699798584
0.5923397541046143
0.6672590374946594
0.6195520758628845
0.6406073570251465
0.6317577958106995
0.612210750579834
0.6105210185050964
0.6507423520088196
0.5879746079444885
0.6198723912239075
0.6424727439880371
0.6467481255531311
0.6266059875488281
0.6374831795692444
0.6445532441139221
0.6260239481925964
0.6373713612556458
0.6361410021781921
0.5960658192634583
0.6261044144630432
0.6251949071884155
0.6457551121711731
0.6088026762008667
0.6269283294677734
0.5831820368766785
0.6401183009147644
0.6070345640182495
0.6037912964820862
0.6349659562110901
0.5850662589073181
0.5902062058448792
0.63214111328125
0.6164774298667908
0.6280009746551514
0.6006495952606201
0.6199782490730286
0.670015275478363
0.6264865398406982
0.6414569020271301
0.6180484294891357
0.6082751154899597
0.6267518401145935
0.6249969005584717
0.6007782220840454
0.6159093976020813
0.5910993218421936
0.6454288959503174
0.6044530868530273
0.5978541374206543
0.6300733089447021
0.6541502475738525
0.5869684815406799
0.6223192811012268
0.6590705513954163
0.661941647529602
0.6075659990310669
0.6028493642807007
0.6234833002090454
0.6548924446105957
0.616125226020813
0.5953792929649353
0.6226394176483154
0.6411899328231812
0.6479460597038269
0.6386159062385559
0.6392006874084473
0.5504825115203857
0.5842879414558411
0.5884861350059509
0.6042951941490173
0.6237086653709412
0.590940535068512
0.6228986382484436
0.634842574596405
0.5555809140205383
0.6243558526039124
0.608366847038269
0.6143650412559509
0.5625709295272827
0.6001297235488892
0.5890488624572754
0.6181991100311279
0.5893985033035278
0.6407214999198914
0.6040128469467163
0.5785608291625977
0.5590916872024536
0.6120730042457581
0.6189752817153931
0.5874814987182617
0.5990668535232544
0.572559118270874
0.639715313911438
0.5927332639694214
0.5469503402709961
0.5568897724151611
0.634556770324707
0.6080985069274902
0.6114461421966553
0.5783426761627197
0.5729663372039795
0.6486418843269348
0.6640576720237732
0.6866167187690735
0.5715146660804749
0.5871227979660034
0.6783943772315979
0.6221442818641663
0.6011254191398621
0.6215640902519226
0.5815940499305725
0.6107866764068604
0.598983645439148
0.5794768929481506
0.6181403398513794
0.5852426290512085
0.5945259928703308
0.5329714417457581
0.6209618449211121
0.6307762861251831
0.5626494288444519
0.6287949681282043
0.6262180805206299
0.6075374484062195
0.560718834400177
0.6104738116264343
0.592841625213623
0.6222701668739319
0.5695720911026001
0.5760668516159058
0.5524269938468933
0.6065251231193542
0.6290253400802612
0.6039302945137024
0.5596751570701599
0.5831650495529175
0.604109525680542
0.5486058592796326
0.6210550665855408
0.6732333898544312
0.5578800439834595
0.5986238121986389
0.5753222703933716
0.585379958152771
0.5804702639579773
0.5786086320877075
0.6613280773162842
0.5425822138786316
0.6115651726722717
0.5006257891654968
0.6733554601669312
0.6656878590583801
0.5295068621635437
0.6267780065536499
0.6118407249450684
0.6150642037391663
0.6450909972190857
0.6496620178222656
0.6129810214042664
0.5758919715881348
0.5826257467269897
0.5153101086616516
0.5357244610786438
0.5580939054489136
0.6017123460769653
0.5532900094985962
0.5682801604270935
0.5623183846473694
0.5295546650886536
0.6080577969551086
0.6098453998565674
0.5439520478248596
0.5151637196540833
0.5606382489204407
0.5786755084991455
0.5499873161315918
0.6041874885559082
0.5534724593162537
0.5816789269447327
0.6542909145355225
0.4620577394962311
0.5721303820610046
0.5869914293289185
0.5587378144264221
0.6408839821815491
0.5983334183692932
0.531080961227417
0.6233895421028137
0.5565324425697327
0.5694239139556885
0.5417832136154175
0.6181361675262451
0.6022705435752869
0.49164241552352905
0.6038864850997925
0.5576165914535522
0.5390413999557495
0.5891438126564026
0.6375500559806824
0.6095409393310547
0.5606953501701355
0.5138180255889893
0.5129038691520691
0.5388439297676086
0.49654173851013184
0.6072538495063782
0.6130574345588684
0.5213503241539001
0.6073974967002869
0.5797560811042786
0.602633535861969
0.5868703126907349
0.5717381238937378
0.6362947821617126
0.5413148403167725
0.5647566318511963
0.6481114625930786
0.5385971069335938
0.6229467988014221
0.594771683216095
0.6334938406944275
0.6118388772010803
0.567253589630127
0.5727334022521973
0.6200113892555237
0.5840050578117371
0.6068252921104431
0.5717110633850098
0.6196981072425842
0.5049401521682739
0.5652653574943542
0.5716840028762817
0.5307873487472534
0.4864467680454254
0.5928424000740051
0.5786247849464417
0.6374211311340332
0.5987147688865662
0.5066080093383789
0.5455666780471802
0.5823664665222168
0.559902548789978
0.5773829221725464
0.6019295454025269
0.6418989300727844
0.6005939245223999
0.644966721534729
0.5982337594032288
0.4830615520477295
0.5671678185462952
0.4932679831981659
0.5954930782318115
0.5906343460083008
0.5559513568878174
0.5819056034088135
0.5063142776489258
0.621255099773407
0.6111950278282166
0.5704106688499451
0.4943845570087433
0.603315532207489
0.546471357345581
0.5147239565849304
0.6353983283042908
0.63365238904953
0.4903528094291687
0.5016369223594666
0.5036648511886597
0.647042989730835
0.5814393758773804
0.5529260635375977
0.5545749664306641
0.5620450377464294
0.5700976848602295
0.5203667283058167
0.5322837233543396
0.5714257955551147
0.5588588118553162
0.6251683831214905
0.6241592764854431
0.656170129776001
0.6172467470169067
0.5530682802200317
0.5926688313484192
0.5671550035476685
0.6288512349128723
0.5583565831184387
0.6364076137542725
0.5249589681625366
0.5748167037963867
0.5485610961914062
0.563776433467865
0.5150248408317566
0.5232746601104736
0.5592377781867981
0.5564761161804199
0.5289516448974609
0.5357961058616638
0.4903317391872406
0.5694218873977661
0.49724769592285156
0.5834106206893921
0.5142489671707153
0.5873568654060364
0.6056972146034241
0.5115723609924316
0.5247715711593628
0.6030811667442322
0.531180202960968
0.5769367814064026
0.542158305644989
0.5622705817222595
0.5164076089859009
0.5665483474731445
0.5201876163482666
0.6448419690132141
0.536081850528717
0.5910834074020386
0.5530527830123901
0.5849702954292297
0.5331109166145325
0.5707343816757202
0.4655021131038666
0.5531525015830994
0.5819185376167297
0.510517418384552
0.6058438420295715
0.5307601094245911
0.5917337536811829
0.508630096912384
0.55544114112854
0.5584942102432251
0.5050355792045593
0.5762264132499695
0.5027366280555725
0.5318453907966614
0.5358508825302124
0.5540151596069336
0.5164783000946045
0.47624820470809937
0.6115761995315552
0.49687135219573975
0.5055034756660461
0.5399685502052307
0.49788954854011536
0.5588609576225281
0.5643337368965149
0.5538187623023987
0.5785442590713501
0.5343285799026489
0.5995517373085022
0.5976796746253967
0.517812192440033
0.4829910397529602
0.5065827369689941
0.5225385427474976
0.5906992554664612
0.6487284898757935
0.5940672159194946
0.5548622012138367
0.5115708708763123
0.6243414282798767
0.5016214847564697
0.47443529963493347
0.5012071132659912
0.548237144947052
0.5511522889137268
0.5673782825469971
0.5192350745201111
0.5394773483276367
0.6129825711250305
0.45159411430358887
0.5555485486984253
0.49710413813591003
0.5511038899421692
0.5889350771903992
0.4418288469314575
0.49349915981292725
0.5832924246788025
0.4864910840988159
0.5146551728248596
0.563180148601532
0.5292226076126099
0.5841858386993408
0.5489593744277954
0.5144820213317871
0.460729718208313
0.5623559951782227
0.5090875625610352
0.5040764808654785
0.608928382396698
0.550212025642395
0.539966881275177
0.4603171944618225
0.4460921585559845
0.49042728543281555
0.467582106590271
0.4855135679244995
0.461180716753006
0.6160355806350708
0.5685476064682007
0.5211977958679199
0.6209537982940674
0.608977198600769
0.5249646902084351
0.5384555459022522
0.5020040273666382
0.5556662082672119
0.5985406637191772
0.533822774887085
0.4786185026168823
0.5957465171813965
0.5397235751152039
0.4584234654903412
0.528592050075531
0.516334056854248
0.4852859079837799
0.5575066804885864
0.522800862789154
0.5631191730499268
0.7184326648712158
0.5213000774383545
0.5781316757202148
0.48814359307289124
0.5349687337875366
0.5374724864959717
0.49171313643455505
0.5177221894264221
0.5283789038658142
0.5890071988105774
0.5339963436126709
0.5546597838401794
0.42489880323410034
0.5378319621086121
0.5205254554748535
0.5786768198013306
0.5003703236579895
0.5798715949058533
0.619641900062561
0.5126941800117493
0.6656068563461304
0.5177865028381348
0.5624168515205383
0.590147852897644
0.4663031995296478
0.5171263813972473
0.5575538873672485
0.5244348049163818
0.5158544778823853
0.5443513989448547
0.5161852240562439
0.5691457986831665
0.5477694869041443
0.564841091632843
0.5650971531867981
0.5892889499664307
0.4976215064525604
0.4791812300682068
0.488444060087204
0.5658437013626099
0.54656982421875
0.5622720718383789
0.4499093294143677
0.49856823682785034
0.5222882628440857
0.5828802585601807
0.48816540837287903
0.5160991549491882
0.491403728723526
0.5054798126220703
0.48326560854911804
0.47751984000205994
0.5712137818336487
0.5082263350486755
0.5448604226112366
0.5520018339157104
0.48303934931755066
0.5417463183403015
0.48870211839675903
0.4950278103351593
0.5014267563819885
0.5282256007194519
0.4907324016094208
0.5084927678108215
0.5907615423202515
0.5471999645233154
0.4843888580799103
0.46995067596435547
0.5271769165992737
0.5078399181365967
0.46860960125923157
0.5250677466392517
0.42204749584198
0.6125312447547913
0.5312091708183289
0.5116033554077148
0.5103130340576172
0.49791961908340454
0.4640637934207916
0.5811069011688232
0.5441902875900269
0.6367500424385071
0.5687775015830994
0.49653154611587524
0.5823532938957214
0.5961495041847229
0.4355024993419647
0.6165016889572144
0.46450838446617126
0.48055511713027954
0.502747118473053
0.5308276414871216
0.3825696110725403
0.5105696320533752
