0.5039516091346741
0.4828128218650818
0.4497687816619873
0.6824164986610413
0.501981258392334
0.4959565997123718
0.5069943070411682
0.5244438648223877
0.5883499979972839
0.5277343392372131
0.48372882604599
0.5128048062324524
0.5765868425369263
0.53594970703125
0.3690086305141449
0.6250541806221008
0.5176506638526917
0.46697717905044556
0.5833783149719238
0.593704879283905
0.6451351046562195
0.5288957357406616
0.465740442276001
0.5874596834182739
0.5526242256164551
0.4768771231174469
0.46306756138801575
0.6226890087127686
0.5137562155723572
0.6674293279647827
0.45454850792884827
0.5346283912658691
0.5262158513069153
0.6475833654403687
0.5989635586738586
0.5619082450866699
0.5841876864433289
0.5180273652076721
0.4747702479362488
0.5599105954170227
0.4184364378452301
0.5966840982437134
0.5460447669029236
0.4688442051410675
0.5249682664871216
0.5623347759246826
0.4852735996246338
0.5604003667831421
0.4498867988586426
0.6111235022544861
0.5135635137557983
0.5314375162124634
0.5292666554450989
0.43104761838912964
0.5253410339355469
0.45181095600128174
0.48462823033332825
0.5167226791381836
0.5088491439819336
0.6289348602294922
0.5113880038261414
0.4556557536125183
0.5288488864898682
0.44501712918281555
0.6264311075210571
0.5914074182510376
0.48866769671440125
0.5152225494384766
0.4851592183113098
0.5270995497703552
0.45332109928131104
0.5745377540588379
0.5344303250312805
0.5567998290061951
0.5166275501251221
0.5565105080604553
0.5311258435249329
0.5356208682060242
0.49520424008369446
0.4714910686016083
0.4752090573310852
0.5627946853637695
0.5022733211517334
0.41139543056488037
0.553432047367096
0.6556954383850098
0.4268808960914612
0.5502824783325195
0.5069778561592102
0.6048370003700256
0.49154555797576904
0.55437171459198
0.5542575716972351
0.45778706669807434
0.46470731496810913
0.6157732605934143
0.6081265211105347
0.4477146863937378
0.558546781539917
0.5610980987548828
0.44597023725509644
0.4789124131202698
0.5160282254219055
0.5496430993080139
0.46619927883148193
0.496829092502594
0.44942721724510193
0.6231857538223267
0.4652334153652191
0.5510837435722351
0.44731631875038147
0.46997931599617004
0.5240729451179504
0.6266274452209473
0.4987640976905823
0.579286515712738
0.5351034998893738
0.39500099420547485
0.5145906805992126
0.5407059788703918
0.5572785139083862
0.5418010354042053
0.4563879072666168
0.506639301776886
0.6209933161735535
0.5257161855697632
0.45154649019241333
0.4787639379501343
0.3898867070674896
0.5500912070274353
0.4393354058265686
0.5005711913108826
0.4130663275718689
0.5093623399734497
0.579718828201294
0.5091844797134399
0.4736756384372711
0.5777950286865234
0.560010552406311
0.5056411027908325
0.5410093665122986
0.4044514298439026
0.4752891957759857
0.7070968747138977
0.5002893805503845
0.607846200466156
0.5520901083946228
0.46412959694862366
0.6029284000396729
0.695685088634491
0.5196055173873901
0.5193080902099609
0.4820653200149536
0.4085542857646942
0.45182859897613525
0.5718372464179993
0.5737351179122925
0.5215029120445251
0.45061102509498596
0.39764225482940674
0.5555449724197388
0.5987260937690735
0.42062172293663025
0.45567944645881653
0.4635266363620758
0.42659589648246765
0.4809316396713257
0.43931472301483154
0.45974165201187134
0.49213576316833496
0.6175967454910278
0.5357572436332703
0.4789622724056244
0.5087125301361084
0.5692697167396545
0.48486799001693726
0.42639368772506714
0.5067407488822937
0.6054866313934326
0.4700857102870941
0.4662996232509613
0.575424075126648
0.5246083736419678
0.46516966819763184
0.5064716339111328
0.5142728686332703
0.49256768822669983
0.6833465695381165
0.5606541037559509
0.49285024404525757
0.5352658033370972
0.4170328676700592
0.5428202748298645
0.4984322488307953
0.5874786376953125
0.4738291800022125
0.5283563137054443
0.4015290439128876
0.5413598418235779
0.4078279733657837
0.4394136071205139
0.48159080743789673
0.5875868797302246
0.4893399775028229
0.4906371831893921
0.5257834196090698
0.6124494075775146
0.5430659055709839
0.552720844745636
0.5078000426292419
0.42446786165237427
0.45484834909439087
0.5086981058120728
0.5891518592834473
0.3726124167442322
0.48908400535583496
0.4775766134262085
0.49402672052383423
0.6623287796974182
0.49989041686058044
0.41856926679611206
0.4672485291957855
0.5383375883102417
0.5184738039970398
0.6042018532752991
0.6257966756820679
0.49357354640960693
0.5833699703216553
0.4308275580406189
0.532716691493988
0.4666886031627655
0.4815146028995514
0.43017518520355225
0.37151068449020386
0.46998149156570435
0.5760583877563477
0.5881074666976929
0.49746274948120117
0.5924046039581299
0.695432186126709
0.5333110094070435
0.4695853590965271
0.464955598115921
0.44528311491012573
0.4095630347728729
0.5310617685317993
0.5032576322555542
0.5126694440841675
0.5921195149421692
0.62754887342453
0.4936068654060364
0.6023279428482056
0.5235291719436646
0.45626282691955566
0.49492618441581726
0.4725828468799591
0.4543550908565521
0.5585204362869263
0.49128517508506775
0.5764606595039368
0.5259103775024414
0.5569997429847717
0.5456483364105225
0.42263326048851013
0.4392603933811188
0.5355373620986938
0.48353898525238037
0.4958420693874359
0.5862505435943604
0.48393264412879944
0.5633325576782227
0.5058234930038452
0.5328749418258667
0.3711469769477844
0.45524537563323975
0.4368411600589752
0.40826788544654846
0.5324034094810486
0.4895345866680145
0.4868384897708893
0.5100684762001038
0.593071699142456
0.5065053701400757
0.45339077711105347
0.3947086036205292
0.5250522494316101
0.4832741320133209
0.5403597354888916
0.5231595635414124
0.4923846125602722
0.47727397084236145
0.4533712863922119
0.4401976466178894
0.5591526031494141
0.3949049413204193
0.4405015707015991
0.46927210688591003
0.5658963322639465
0.4729817807674408
0.48051968216896057
0.5155672430992126
0.39511051774024963
0.4835912883281708
0.4823261499404907
0.47686347365379333
0.503734290599823
0.484489381313324
0.48139408230781555
0.4417388141155243
0.5553282499313354
0.39505377411842346
0.5765432119369507
0.4684978425502777
0.44327476620674133
0.5680244565010071
0.6189815402030945
0.5252919793128967
0.48483288288116455
0.44643425941467285
0.4588846266269684
0.41217637062072754
0.5314343571662903
0.4436374008655548
0.45398443937301636
0.4997788667678833
0.6596582531929016
0.5554782152175903
0.5013327598571777
0.49806928634643555
0.6472387313842773
0.5418925285339355
0.5839042663574219
0.406913697719574
0.4745383858680725
0.4105643033981323
0.487556517124176
0.5270653367042542
0.44115540385246277
0.5244258046150208
0.528834879398346
0.5990922451019287
0.49913763999938965
0.5862997770309448
0.4881398379802704
0.4898706078529358
0.5614854097366333
0.4101986885070801
0.41959983110427856
0.5976001620292664
0.4909990131855011
0.5446417331695557
0.4325006306171417
0.4640587568283081
0.4347521960735321
0.4941960275173187
0.5488806366920471
0.3813358247280121
0.5027984380722046
0.4694041311740875
0.46331095695495605
0.4738294184207916
0.44775447249412537
0.5335572957992554
0.5264139175415039
0.5489070415496826
0.526157021522522
0.6602417230606079
0.4462774395942688
0.5278210043907166
0.4230557978153229
0.5801352858543396
0.561804473400116
0.42970696091651917
0.5405279994010925
0.5858985185623169
0.4773782789707184
0.4708932638168335
0.4857097864151001
0.4442439377307892
0.5805680751800537
0.44126734137535095
0.5241894125938416
0.4473351538181305
0.3355671167373657
0.4922026991844177
0.6290585994720459
0.44046568870544434
0.49119833111763
0.4538581371307373
0.5244256258010864
0.4890460968017578
0.4366382956504822
0.4394834637641907
0.4238186478614807
0.4429670572280884
0.57383793592453
0.3583643436431885
0.4593806564807892
0.36498311161994934
0.38608700037002563
0.5102226734161377
0.4342420995235443
0.5361278057098389
0.4753805696964264
0.3659498691558838
0.42706534266471863
0.517902672290802
0.4779338240623474
0.5257135629653931
0.41304337978363037
0.4516166150569916
0.4666983187198639
0.44444751739501953
0.48914995789527893
0.5263205766677856
0.38782602548599243
0.3931434154510498
0.4183528423309326
0.5596056580543518
0.4174950420856476
0.44778549671173096
0.5406922101974487
0.4593248963356018
0.4694049060344696
0.4126698076725006
0.4351351857185364
0.5302809476852417
0.5219100713729858
0.47250205278396606
0.5039737224578857
0.5043082237243652
0.4820316433906555
0.45032694935798645
0.4648589789867401
0.4721537232398987
0.5150532126426697
0.5054904222488403
0.5197705626487732
0.547367513179779
0.39854010939598083
0.5195884704589844
0.44691893458366394
0.45933258533477783
0.42942026257514954
0.4491223990917206
0.403449684381485
0.3768310546875
0.5005472302436829
0.5156821608543396
0.5202570557594299
0.3517473638057709
0.4388364553451538
0.3950197398662567
0.4687059223651886
0.4569109082221985
0.49941062927246094
0.4487416446208954
0.43793001770973206
0.4152788817882538
0.45559483766555786
0.5242194533348083
0.38735100626945496
0.4479718506336212
0.5158180594444275
0.45728641748428345
0.5578699111938477
0.5936008095741272
0.5455200672149658
0.49556174874305725
0.42122766375541687
0.5047383904457092
0.5919071435928345
0.48615995049476624
0.5517911314964294
0.42468446493148804
0.48852500319480896
0.5275096297264099
0.4874066412448883
0.421073853969574
0.4944086968898773
0.516846776008606
0.48457401990890503
0.4018976092338562
0.5322597026824951
0.5269185900688171
0.4744119346141815
0.4943326413631439
0.5838083028793335
0.4600783884525299
0.4377679228782654
0.4516589641571045
0.4107483923435211
0.5574419498443604
0.4419924020767212
0.47718942165374756
0.4449259638786316
0.6119108200073242
0.3852064311504364
0.52567458152771
0.5198757648468018
0.3492894768714905
0.5463521480560303
0.46020203828811646
0.5633788108825684
0.43700605630874634
0.4532921016216278
0.4002593159675598
0.48693007230758667
0.6026129722595215
0.42078620195388794
0.4423932731151581
0.43889889121055603
0.46738022565841675
0.5662625432014465
0.48200371861457825
0.3582589030265808
0.464388906955719
0.5146195292472839
0.4029398560523987
0.4626297056674957
0.6624845862388611
0.5110854506492615
0.4489811062812805
0.5237666964530945
0.4417950510978699
0.3910537660121918
0.4280816614627838
0.5739328265190125
0.44246846437454224
0.4550289809703827
0.3238672912120819
0.41994011402130127
0.4411783218383789
0.5482376217842102
0.41093936562538147
0.4554367959499359
0.5009681582450867
0.5565487146377563
0.5115276575088501
0.5063433647155762
0.4366454780101776
0.5059025883674622
0.5924779772758484
0.627892792224884
0.543840229511261
0.5288673639297485
0.545069694519043
0.3903360962867737
0.4650574326515198
0.47706449031829834
0.4002784490585327
0.48485520482063293
0.446990042924881
0.48625433444976807
0.5538102388381958
0.5456382036209106
0.38502413034439087
0.4768105149269104
0.43228664994239807
0.5851693749427795
0.46036961674690247
0.37746918201446533
0.48132604360580444
0.3543398380279541
0.4004468023777008
0.4705268442630768
0.5939552187919617
0.4835774302482605
0.44320330023765564
0.49185049533843994
0.47147050499916077
0.5657407641410828
0.4142341613769531
0.5784603953361511
0.5030215978622437
0.48676541447639465
0.6407252550125122
0.5055772662162781
0.443259596824646
0.3885008692741394
0.5141112208366394
0.5397078990936279
0.531122624874115
0.4277282953262329
0.4517165422439575
0.4117177724838257
0.4964278042316437
0.5055445432662964
0.5376914143562317
0.567789614200592
0.4244425296783447
0.5472270250320435
0.39284369349479675
0.4744190275669098
0.4541515111923218
0.43560072779655457
0.4642380475997925
0.4967010021209717
0.5794112086296082
0.47774773836135864
0.5254384279251099
0.42116567492485046
0.5073482394218445
0.4957146942615509
0.551240086555481
0.551798403263092
0.4393447935581207
0.5148777961730957
0.38380661606788635
0.5221542716026306
0.5934199094772339
0.35129836201667786
0.47650405764579773
0.43809399008750916
0.5652785301208496
0.5060818791389465
0.48799648880958557
0.5422605276107788
0.5016310811042786
0.4433530569076538
0.45834600925445557
0.2770337164402008
0.5331320762634277
0.3388904631137848
0.6008269190788269
0.44378262758255005
0.48776352405548096
0.43709641695022583
0.5198613405227661
0.44848552346229553
0.4032750725746155
0.5158279538154602
0.6197219491004944
0.5544267296791077
0.48395541310310364
0.5963246822357178
0.4299544095993042
0.4819425940513611
0.4581187665462494
0.32381922006607056
0.41900110244750977
0.5343371629714966
0.45523396134376526
0.4271738827228546
0.5152539014816284
0.5390949249267578
0.427701473236084
0.5225909352302551
0.4211927056312561
0.43421608209609985
0.6510565280914307
0.34409114718437195
0.4508017301559448
0.46653422713279724
0.5116435885429382
0.43319642543792725
0.5157068967819214
0.4297081530094147
0.44134023785591125
0.5358029007911682
0.4261508882045746
0.5335195660591125
0.48984575271606445
0.4792385399341583
0.38648635149002075
0.5946874618530273
0.5801116228103638
0.3613838255405426
0.3741297125816345
0.49111899733543396
0.4456702470779419
0.4359748065471649
0.5710073113441467
0.4697577953338623
0.5688281059265137
0.43973323702812195
0.40288498997688293
0.47820335626602173
0.40048378705978394
0.4725959300994873
0.46167901158332825
0.46603330969810486
0.3839155435562134
0.44355735182762146
0.3691020905971527
0.549507737159729
0.46882951259613037
0.4486633837223053
0.5628885626792908
0.5447428226470947
0.40896302461624146
0.4001652002334595
0.39387425780296326
0.3727734684944153
0.47725874185562134
0.605769693851471
0.4365693926811218
0.6406598091125488
0.4800952076911926
0.4625473916530609
0.42899683117866516
0.44436848163604736
0.5574918389320374
0.5736091136932373
0.4436516761779785
0.5712737441062927
0.4668704867362976
0.5013827681541443
0.41762685775756836
0.36638835072517395
0.477723628282547
0.5742031335830688
0.47554174065589905
0.4326357841491699
0.5116232633590698
0.557758629322052
0.35767677426338196
0.4909598231315613
0.4161933660507202
0.535656213760376
0.5721454620361328
0.44989195466041565
0.38809505105018616
0.4327385723590851
0.38340771198272705
0.44406530261039734
0.5586341023445129
0.5102813243865967
0.3312869369983673
0.36687320470809937
0.49081656336784363
0.42852675914764404
0.3969689905643463
0.32807403802871704
0.5306059718132019
0.38272538781166077
0.4876253604888916
0.3911358714103699
0.3887407183647156
0.3979494869709015
0.44424617290496826
0.5699416399002075
0.5426290035247803
0.43825700879096985
0.43422532081604004
0.44137999415397644
0.5364595651626587
0.5533696413040161
0.4681183099746704
0.5262515544891357
0.5512068271636963
0.49812746047973633
0.5662459135055542
0.5088279247283936
0.3554169535636902
0.483564555644989
0.5344403386116028
0.45172056555747986
0.4435306489467621
0.45904654264450073
0.43554720282554626
0.6350412368774414
0.6012426018714905
0.417723149061203
0.46948328614234924
0.4700177311897278
0.5090123414993286
0.4577235281467438
0.3758241534233093
0.4304775595664978
0.5560963153839111
0.39206206798553467
0.4299159646034241
0.5630068778991699
0.4930206835269928
0.5363891124725342
0.5429274439811707
0.48435795307159424
0.5754080414772034
0.4402315020561218
0.5253691673278809
0.8112851977348328
