0.6930676698684692
0.6935617327690125
0.6754292249679565
0.730564534664154
0.7090970873832703
0.6783447265625
0.682378888130188
0.6687101721763611
0.667736828327179
0.6580128073692322
0.641035795211792
0.6145876049995422
0.5521914958953857
0.5175364017486572
0.5296443700790405
0.395975798368454
0.4139140248298645
0.435464471578598
0.23206259310245514
0.5244576930999756
0.4796341061592102
0.30246207118034363
0.34161868691444397
0.2816341519355774
0.22165702283382416
0.3341121971607208
0.3250625729560852
0.6557844877243042
0.20452411472797394
0.49971944093704224
0.2756805717945099
0.48732253909111023
0.2143695205450058
0.38285648822784424
0.4128301739692688
0.3857742249965668
0.18085984885692596
0.2914271056652069
0.209041565656662
0.3268260359764099
0.3854559361934662
0.3243929147720337
0.1416640728712082
0.24333401024341583
0.2764919400215149
0.42653658986091614
0.2778629660606384
0.16861945390701294
0.19200289249420166
0.08447781950235367
0.1653662770986557
0.22679761052131653
0.37961244583129883
0.5353917479515076
0.35243910551071167
0.3159160315990448
0.36010488867759705
0.6377611756324768
0.34153610467910767
0.47251397371292114
0.1876835972070694
0.29250314831733704
0.2499387413263321
0.32771602272987366
0.25579407811164856
0.4233352243900299
0.2714090049266815
0.3001566529273987
0.2831946313381195
0.26367706060409546
0.1726013869047165
0.1742406189441681
0.43761447072029114
0.19273875653743744
0.24682603776454926
0.35967114567756653
0.3863927125930786
0.14557893574237823
0.44751375913619995
0.41946789622306824
0.09921622276306152
0.38287603855133057
0.4529815912246704
0.4746606647968292
0.28238633275032043
0.2609878480434418
0.19283634424209595
0.20672905445098877
0.46998149156570435
0.340701162815094
0.2903953492641449
0.2434707134962082
0.3717151880264282
0.27070239186286926
0.3344229459762573
0.3197615146636963
0.3125888407230377
0.3558693826198578
0.3265644609928131
0.3970107436180115
0.24037864804267883
0.27074530720710754
0.3145882189273834
0.2868519127368927
0.13320715725421906
0.4192694127559662
0.23591971397399902
0.19527730345726013
0.22467352449893951
0.2160804569721222
0.2397737205028534
0.16990575194358826
0.18685868382453918
0.24874837696552277
0.25696954131126404
0.32333752512931824
0.26918286085128784
0.16292063891887665
0.2812801003456116
0.2553538978099823
0.14715121686458588
0.18033115565776825
0.11249236762523651
0.2746816575527191
0.3244520127773285
0.1789480745792389
0.2050066739320755
0.3052145838737488
0.1953677088022232
0.11690893024206161
0.33828604221343994
0.20147272944450378
0.23210826516151428
0.2092176079750061
0.15702705085277557
0.25843626260757446
0.21790148317813873
0.21397258341312408
0.29879724979400635
0.34232470393180847
0.20935599505901337
0.5744583010673523
0.1606384813785553
0.167630136013031
0.27073198556900024
0.18983545899391174
0.30549922585487366
0.23198816180229187
0.21554569900035858
0.2333647906780243
0.3885854184627533
0.1127953752875328
0.23190875351428986
0.35199710726737976
0.11057443171739578
0.22804196178913116
0.301311731338501
0.17294083535671234
0.19444510340690613
0.14411017298698425
0.6145456433296204
0.1786787509918213
0.17740397155284882
0.1780049055814743
0.3742391765117645
0.15226508677005768
0.42363250255584717
0.32731372117996216
0.44412747025489807
0.44471025466918945
0.12137026339769363
0.24949397146701813
0.24080818891525269
0.20985423028469086
0.10432438552379608
0.11984271556138992
0.17703498899936676
0.3333069980144501
0.1311875879764557
0.23438042402267456
0.1849443018436432
0.2304045557975769
0.20986074209213257
0.16706502437591553
0.21431969106197357
0.1098371148109436
0.12466569244861603
0.28822875022888184
0.5373526215553284
0.1878824383020401
0.36142972111701965
0.32968035340309143
0.20165462791919708
0.20270608365535736
0.2682597041130066
0.3292959928512573
0.5730035901069641
0.15169014036655426
0.26580339670181274
0.34366336464881897
0.1680605113506317
0.2933419644832611
0.19785238802433014
0.2890952229499817
0.31027844548225403
0.25878971815109253
0.2525646984577179
0.19683152437210083
0.17907585203647614
0.38013148307800293
0.3424030840396881
0.18762344121932983
0.29274141788482666
0.16673961281776428
0.25222477316856384
0.25516828894615173
0.09898678213357925
0.2891847491264343
0.18295818567276
0.39166274666786194
0.08638749271631241
0.19469118118286133
0.1912236213684082
0.35763102769851685
0.08482733368873596
0.21785756945610046
0.11434710770845413
0.39358577132225037
0.30347368121147156
0.40053626894950867
0.141584113240242
0.1407177746295929
0.3808591663837433
0.19573980569839478
0.23858524858951569
0.18503931164741516
0.160785511136055
0.230797678232193
0.2788173258304596
0.2569310963153839
0.1318279355764389
0.24311193823814392
0.34571507573127747
0.273570716381073
0.18854258954524994
0.3573727607727051
0.25353580713272095
0.1997789442539215
0.2033296823501587
0.29899081587791443
0.22820249199867249
0.3892926573753357
0.38371962308883667
0.3438495695590973
0.21540983021259308
0.2797347605228424
0.2282496839761734
0.21846145391464233
0.2434098869562149
0.21762515604496002
0.18785612285137177
0.49314314126968384
0.1771157830953598
0.2588612139225006
0.21159496903419495
0.2734239399433136
0.31871363520622253
0.43983709812164307
0.3070428967475891
0.1169825866818428
0.1970130056142807
0.21701699495315552
0.08279167860746384
0.2973773777484894
0.18434564769268036
0.4419145882129669
0.2799888253211975
0.192922905087471
0.1865127980709076
0.30201834440231323
0.10328168421983719
0.16591845452785492
0.16530661284923553
0.21286632120609283
0.32844358682632446
0.11243163049221039
0.5080909729003906
0.21095578372478485
0.3023972809314728
0.19300317764282227
0.21104970574378967
0.15517675876617432
0.24594685435295105
0.24336540699005127
0.27114900946617126
0.4401310682296753
0.22283437848091125
0.21215683221817017
0.41270381212234497
0.2866058051586151
0.37900814414024353
0.07716746628284454
0.3618497848510742
0.24971473217010498
0.1064976379275322
0.16167618334293365
0.1852828860282898
0.07278859615325928
0.3411371111869812
0.19604916870594025
0.21580013632774353
0.1830337941646576
0.3493652641773224
0.23231059312820435
0.2897893786430359
0.1202792152762413
0.23295080661773682
0.2155432254076004
0.26572588086128235
0.27905911207199097
0.13295935094356537
0.3158339858055115
0.1431850641965866
0.21850217878818512
0.32564714550971985
0.2915121614933014
0.24459590017795563
0.2683243453502655
0.20860892534255981
0.1783498227596283
0.32386428117752075
0.29251137375831604
0.23259855806827545
0.23121897876262665
0.2464579939842224
0.2812512516975403
0.12217245995998383
0.18947289884090424
0.2120150625705719
0.281380832195282
0.3387313187122345
0.39545947313308716
0.579306423664093
0.18868955969810486
0.19344480335712433
0.48939085006713867
0.1526196449995041
0.16364318132400513
0.35456937551498413
0.26826775074005127
0.30793559551239014
0.1403670758008957
0.3613949120044708
0.4515986144542694
0.2938362658023834
0.24145251512527466
0.4272781312465668
0.1528593748807907
0.4070195257663727
0.43497374653816223
0.48186492919921875
0.1511760801076889
0.23047377169132233
0.3609878420829773
0.24652694165706635
0.19066549837589264
0.3069242835044861
0.1429123431444168
0.3906194269657135
0.3931269347667694
0.4097231924533844
0.2883114516735077
0.13391068577766418
0.11180169135332108
0.1786898672580719
0.1007642149925232
0.13824447989463806
0.17836995422840118
0.1285361498594284
0.26808682084083557
0.20840878784656525
0.3522970378398895
0.22705680131912231
0.1419125497341156
0.1578163206577301
0.20947469770908356
0.13352937996387482
0.36317843198776245
0.2235858142375946
0.20671796798706055
0.11782839149236679
0.2822977304458618
0.2649419605731964
0.0881173238158226
0.5460993051528931
0.125055730342865
0.1421828418970108
0.18232831358909607
0.13155506551265717
0.18420438468456268
0.42548495531082153
0.12841898202896118
0.3333977162837982
0.24994070827960968
0.19092833995819092
0.24808533489704132
0.18036435544490814
0.38696855306625366
0.12152339518070221
0.13143515586853027
0.344634473323822
0.21662114560604095
0.10573794692754745
0.18599183857440948
0.21108926832675934
0.2403457760810852
0.08099566400051117
0.26445674896240234
0.2403414249420166
0.14250139892101288
0.3702544569969177
0.21955958008766174
0.21861740946769714
0.6292096376419067
0.21925514936447144
0.4082227349281311
0.42690709233283997
0.12908503413200378
0.2565086781978607
0.4052965044975281
0.2569110691547394
0.25676193833351135
0.1423966884613037
0.16733916103839874
0.29487231373786926
0.23287969827651978
0.3266429305076599
0.2771667540073395
0.2699483633041382
0.18499699234962463
0.3275943696498871
0.11584463715553284
0.23783132433891296
0.14689914882183075
0.14984901249408722
0.2756374776363373
0.5226380228996277
0.21379467844963074
0.05071040615439415
0.42737942934036255
0.15083205699920654
0.2531246840953827
0.2550031542778015
0.15027637779712677
0.20881924033164978
0.21117426455020905
0.17184284329414368
0.21376723051071167
0.1431317776441574
0.03854798153042793
0.22273409366607666
0.23394723236560822
0.2187964767217636
0.1412023901939392
0.15842700004577637
0.15656645596027374
0.20994006097316742
0.31316861510276794
0.18748587369918823
0.09366844594478607
0.30255556106567383
0.1443219780921936
0.08289594203233719
0.10096493363380432
0.2762922942638397
0.17686446011066437
0.20977002382278442
0.08920184522867203
0.22142601013183594
0.2053055763244629
0.2802726924419403
0.23482957482337952
0.17590580880641937
0.13116316497325897
0.2467019110918045
0.09583631157875061
0.35117658972740173
0.5653564929962158
0.23582953214645386
0.22714753448963165
0.1379597932100296
0.19861088693141937
0.6111549139022827
0.27835994958877563
0.3165997564792633
0.27479711174964905
0.33839407563209534
0.10565739125013351
0.3865607678890228
0.19864071905612946
0.22235256433486938
0.3298206329345703
0.18314328789710999
0.1948087513446808
0.1813209354877472
0.19398370385169983
0.44378912448883057
0.1472053825855255
0.15677571296691895
0.1003570556640625
0.30170392990112305
0.09835510700941086
0.20433133840560913
0.3515207767486572
0.16990230977535248
0.36567774415016174
0.1387704610824585
0.13020387291908264
0.29781877994537354
0.42815640568733215
0.22999611496925354
0.39424628019332886
0.13474468886852264
0.1867934763431549
0.2674027681350708
0.26119399070739746
0.0822577029466629
0.13237802684307098
0.35812634229660034
0.10997003316879272
0.3473961055278778
0.08048311620950699
0.2215522974729538
0.26826947927474976
0.1794174313545227
0.27350178360939026
0.1926431655883789
0.16086475551128387
0.33192989230155945
0.3114791512489319
0.2931252121925354
0.11935405433177948
0.08918534219264984
0.15313515067100525
0.1842193603515625
0.0835137814283371
0.29623541235923767
0.061264652758836746
0.19048285484313965
0.20095163583755493
0.14742545783519745
0.1796647012233734
0.18412752449512482
0.2600196897983551
0.28501901030540466
0.24899686872959137
0.22080643475055695
0.3312980532646179
0.20204894244670868
0.10385976731777191
0.1953897774219513
0.21851566433906555
0.16043251752853394
0.0716472789645195
0.18539878726005554
0.3609504997730255
0.14908663928508759
0.20108318328857422
0.16651469469070435
0.13729795813560486
0.16932959854602814
0.3019110858440399
0.16744330525398254
0.23975880444049835
0.273307740688324
0.16343377530574799
0.37743809819221497
0.06769558042287827
0.16039107739925385
0.06905277073383331
0.24935270845890045
0.2817666232585907
0.34069326519966125
0.16622251272201538
0.29712483286857605
0.18448305130004883
0.15270239114761353
0.23482100665569305
0.22559668123722076
0.32012516260147095
0.16317810118198395
0.2157709300518036
0.28567948937416077
0.25575512647628784
0.2578562796115875
0.09405618906021118
0.2937875986099243
0.2648201882839203
0.43474245071411133
0.271201491355896
0.10248760133981705
0.19672182202339172
0.15615172684192657
0.16420742869377136
0.3944869041442871
0.10736890137195587
0.26092779636383057
0.21062864363193512
0.2851434648036957
0.5209094285964966
0.30511772632598877
0.3960975706577301
0.20451323688030243
0.19330376386642456
0.3477891683578491
0.2206832319498062
0.3122580647468567
0.24511243402957916
0.11666633933782578
0.16363690793514252
0.19401633739471436
0.21618357300758362
0.2493773251771927
0.33120137453079224
0.2671854794025421
0.29052379727363586
0.2169540822505951
0.2408101111650467
0.14501529932022095
0.16807147860527039
0.20794865489006042
0.141923725605011
0.08562600612640381
0.11432942003011703
0.06825678050518036
0.24610783159732819
0.15816602110862732
0.25318288803100586
0.3204060196876526
0.31234830617904663
0.5334336161613464
0.34104040265083313
0.23927700519561768
0.19806121289730072
0.2613299787044525
0.20172089338302612
0.23660805821418762
0.35646942257881165
0.12435585260391235
0.33875545859336853
0.12791484594345093
0.4481218755245209
0.16267921030521393
0.2715427875518799
0.17592723667621613
0.3038862645626068
0.17084382474422455
0.13257001340389252
0.15938681364059448
0.042287375777959824
0.1646728217601776
0.22859737277030945
0.24060019850730896
0.1443997323513031
0.08955646306276321
0.14818473160266876
0.13635559380054474
0.0924740880727768
0.14673008024692535
0.11650293320417404
0.07621357589960098
0.2163947969675064
0.22132380306720734
0.3155759572982788
0.06571599096059799
0.2015807181596756
0.1824696809053421
0.07996393740177155
0.012043120339512825
0.29451870918273926
0.22346177697181702
0.3717312812805176
0.11107967048883438
0.2163553535938263
0.3196311593055725
0.059563517570495605
0.218899205327034
0.24081289768218994
0.37311357259750366
0.3955336809158325
0.13530203700065613
0.2078036665916443
0.19650042057037354
0.25653865933418274
0.13771075010299683
0.2767704129219055
0.18643240630626678
0.3279260993003845
0.12712207436561584
0.28193360567092896
0.38246235251426697
0.1214418113231659
0.28492656350135803
0.12523239850997925
0.09482681006193161
0.18933293223381042
0.219092458486557
0.126682311296463
0.1528700292110443
0.191941499710083
0.24808737635612488
0.232487291097641
0.368354469537735
0.13679954409599304
0.052140697836875916
0.1714780479669571
0.13553789258003235
0.1617072969675064
0.23690395057201385
0.1598494052886963
0.050177715718746185
0.264197438955307
0.2566680312156677
0.20150963962078094
0.2742074131965637
0.2370874136686325
0.10930782556533813
0.15402156114578247
0.1678970605134964
0.09249360114336014
0.24718259274959564
0.33999618887901306
0.1840408891439438
0.24951063096523285
0.256359726190567
0.09463763982057571
0.331916481256485
0.13626238703727722
0.18963873386383057
0.053158439695835114
0.14830723404884338
0.09952220320701599
0.13098274171352386
0.21632497012615204
0.16677629947662354
0.12841542065143585
0.14574022591114044
0.12746800482273102
0.16469106078147888
0.16937394440174103
0.44928887486457825
0.16846902668476105
0.16435490548610687
0.338348925113678
0.11929608881473541
0.13140928745269775
0.30710798501968384
0.31327298283576965
0.15551145374774933
0.17562980949878693
0.09662696719169617
0.19371022284030914
0.11142246425151825
0.2805918753147125
0.5306221842765808
0.2702997624874115
0.30658796429634094
0.07820805162191391
0.14895354211330414
0.14035820960998535
0.2052621841430664
0.27418240904808044
0.1714128851890564
0.16865603625774384
0.4003603458404541
0.2165190875530243
0.20476071536540985
0.15547604858875275
0.11435874551534653
0.3073450028896332
0.48564234375953674
0.2605411410331726
