0.092323437333107
0.13765348494052887
0.07448703795671463
0.13024860620498657
0.21276293694972992
0.20942306518554688
0.2574700117111206
0.07674211263656616
0.17429585754871368
0.2380882352590561
0.09002266079187393
0.15365222096443176
0.11900129914283752
0.33796223998069763
0.08106918632984161
0.02887576073408127
0.21832624077796936
0.1252407431602478
0.20497363805770874
0.27695587277412415
0.1462802290916443
0.11509270966053009
0.09244771301746368
0.0645282119512558
0.13130933046340942
0.1501147747039795
0.191252201795578
0.10219709575176239
0.070212222635746
0.09588440507650375
0.046847037971019745
0.2503978908061981
0.10143591463565826
0.18926824629306793
0.03356514498591423
0.03508535772562027
0.08467989414930344
0.03536853566765785
0.01658245176076889
0.03825158625841141
0.016442034393548965
0.028851477429270744
0.17284254729747772
0.13901467621326447
0.05109117180109024
0.07640846073627472
0.08948490023612976
0.03237353637814522
0.10329309850931168
0.2623160183429718
0.051020827144384384
0.17168118059635162
0.037522394210100174
0.2943178415298462
0.05616365373134613
0.11127113550901413
0.1353657841682434
0.10960718989372253
0.21445302665233612
0.23638547956943512
0.24556055665016174
0.02149849385023117
0.2986217141151428
0.21796377003192902
0.09899438917636871
0.031514015048742294
0.060894519090652466
0.07928626239299774
0.05506529286503792
0.09337057918310165
0.06755475699901581
0.05522402748465538
0.11793234944343567
0.12800641357898712
0.1437416821718216
0.09757404774427414
0.04515070095658302
0.2574024498462677
0.055006738752126694
0.18847288191318512
0.17324943840503693
0.07823281735181808
0.055615246295928955
0.3145526647567749
0.13675658404827118
0.24479959905147552
0.1833791881799698
0.024189123883843422
0.15390533208847046
0.1892772614955902
0.07279543578624725
0.3034331202507019
0.23243704438209534
0.09962180256843567
0.1298539787530899
0.10019344091415405
0.258438378572464
0.1718616783618927
0.41604363918304443
0.41622209548950195
0.07274040579795837
0.07108651846647263
0.09293819963932037
0.09255851060152054
0.10273898392915726
0.13892967998981476
0.16690386831760406
0.17348378896713257
0.08900685608386993
0.19808898866176605
0.07104663550853729
0.07545047998428345
0.11637941002845764
0.054809264838695526
0.14545680582523346
0.22488221526145935
0.1833847165107727
0.05822991952300072
0.035764098167419434
0.06650713086128235
0.1965080350637436
0.11705230176448822
0.094202920794487
0.07565058022737503
0.047818005084991455
0.3998641073703766
0.14406119287014008
0.4299653172492981
0.08523643761873245
0.014668331481516361
0.08199853450059891
0.1396980732679367
0.049100156873464584
0.07207431644201279
0.04210445284843445
0.07410678267478943
0.07289306819438934
0.1386130154132843
0.2636307179927826
0.08189485222101212
0.1456139236688614
0.03835584968328476
0.1461280733346939
0.16238214075565338
0.05371573567390442
0.037228088825941086
0.14281490445137024
0.23451820015907288
0.3618681728839874
0.03361344709992409
0.08639182150363922
0.18590714037418365
0.2576623857021332
0.11133293062448502
0.03856447711586952
0.1397112011909485
0.07371728867292404
0.15585175156593323
0.1714063584804535
0.263504296541214
0.02490171790122986
0.11020984500646591
0.12520559132099152
0.16431114077568054
0.07284586876630783
0.08597420901060104
0.07907517999410629
0.1584898978471756
0.04951763153076172
0.2394929975271225
0.07564795762300491
0.08227504789829254
0.07722367346286774
0.0985548198223114
0.043738704174757004
0.1226290687918663
0.11104920506477356
0.0827719122171402
0.26751625537872314
0.1094834953546524
0.04387195035815239
0.026918040588498116
0.2518027424812317
0.2568225562572479
0.12349800765514374
0.1081937626004219
0.11563682556152344
0.0766867995262146
0.029787201434373856
0.1497623175382614
0.039436064660549164
0.0838971957564354
0.03698078915476799
0.1688748449087143
0.04328480735421181
0.08375688642263412
0.1638108789920807
0.048978112637996674
0.02660325914621353
0.03329088166356087
0.03155113756656647
0.11186172813177109
0.08635442703962326
0.011461996473371983
0.05992140620946884
0.049490731209516525
0.0786898210644722
0.006249122321605682
0.25056615471839905
0.02238495834171772
0.09099657088518143
0.09491533041000366
0.04194624722003937
0.20398743450641632
0.07190830260515213
0.04171115159988403
0.11954668909311295
0.050133295357227325
0.1358233392238617
0.018029076978564262
0.06603547185659409
0.059907466173172
0.08720751851797104
0.07699866592884064
0.16734358668327332
0.03441564366221428
0.0687091052532196
0.2903617322444916
0.16789749264717102
0.09050007164478302
0.09694229811429977
0.01098403986543417
0.009135683067142963
0.14724110066890717
0.0585806742310524
0.04249582812190056
0.1312197595834732
0.016191374510526657
0.15623319149017334
0.155922532081604
0.229887455701828
0.08301693201065063
0.10602863878011703
0.04584712162613869
0.14297519624233246
0.22500558197498322
0.02888484299182892
0.06062914431095123
0.07715673744678497
0.08356413245201111
0.02467058226466179
0.10386720299720764
0.2612770199775696
0.10539790987968445
0.08475825935602188
0.09754665195941925
0.10898111015558243
0.41138648986816406
0.056191910058259964
0.06882815062999725
0.09402245283126831
0.05845823138952255
0.04768703505396843
0.09130693227052689
0.19415166974067688
0.03557193651795387
0.17963533103466034
0.12099642306566238
0.1941552609205246
0.1350518763065338
0.07855270057916641
0.020232822746038437
0.17094628512859344
0.1690676361322403
0.13137713074684143
0.027883082628250122
0.02515804022550583
0.26883238554000854
0.13807062804698944
0.09878762811422348
0.10503854602575302
0.24749843776226044
0.11137386411428452
0.0357239656150341
0.07035598903894424
0.05491342023015022
0.155352383852005
0.21492376923561096
0.07141323387622833
0.20552965998649597
0.042153626680374146
0.0500757060945034
0.23503023386001587
0.2052845060825348
0.028469795361161232
0.14469479024410248
0.24388644099235535
0.03604704886674881
0.3430764377117157
0.05596212297677994
0.07121696323156357
0.281048983335495
0.010920503176748753
0.16741688549518585
0.11774598062038422
0.22966086864471436
0.11006758362054825
0.21969938278198242
0.3930772840976715
0.22395625710487366
0.14561137557029724
0.09621401131153107
0.05011367425322533
0.20843134820461273
0.14672207832336426
0.0611606240272522
0.1541157215833664
0.06949827075004578
0.22790071368217468
0.11058837175369263
0.09896820038557053
0.03764761984348297
0.044910550117492676
0.10293958336114883
0.19973264634609222
0.2347135841846466
0.17624425888061523
0.1609024554491043
0.0908844918012619
0.21114741265773773
0.31258341670036316
0.09518223255872726
0.26975664496421814
0.16854585707187653
0.16041196882724762
0.26594987511634827
0.07557782530784607
0.20493420958518982
0.2480362355709076
0.24428191781044006
0.3423805832862854
0.15227803587913513
0.08537080883979797
0.07056338340044022
0.08752364665269852
0.12456464022397995
0.18295158445835114
0.18771499395370483
0.16069374978542328
0.09008338302373886
0.03144402801990509
0.04990247264504433
0.14763416349887848
0.10839799791574478
0.13386650383472443
0.08191432803869247
0.19432470202445984
0.06879974156618118
0.12110243737697601
0.09394413977861404
0.07961579412221909
0.05581904202699661
0.1647140383720398
0.10217230767011642
0.04182141274213791
0.045132752507925034
0.0860287994146347
0.0576971210539341
0.11149385571479797
0.009622115641832352
0.02516845613718033
0.11897535622119904
0.2939515709877014
0.22979554533958435
0.11150199919939041
0.1623084992170334
0.22520285844802856
0.10263994336128235
0.18082815408706665
0.3647037148475647
0.11892076581716537
0.0362701341509819
0.142540842294693
0.10069277137517929
0.05799344182014465
0.06887597590684891
0.120201475918293
0.046757787466049194
0.14277005195617676
0.12254303693771362
0.12028346210718155
0.049126867204904556
0.2100708931684494
0.01749054156243801
0.04232344403862953
0.07017932087182999
0.10608553141355515
0.28143587708473206
0.016112886369228363
0.1274922639131546
0.081693634390831
0.3944562077522278
0.006701228208839893
0.1951131522655487
0.23185035586357117
0.03784329816699028
0.17618951201438904
0.04857422783970833
0.2027912735939026
0.1336309015750885
0.012383527122437954
0.07354355603456497
0.3051360845565796
0.3524949550628662
0.18599320948123932
0.44765704870224
0.09030140936374664
0.05780306085944176
0.3222905099391937
0.04136049747467041
0.14229318499565125
0.21442487835884094
0.06219559535384178
0.08750664442777634
0.08064636588096619
0.18169070780277252
0.34178945422172546
0.17420335114002228
0.08083228021860123
0.08290571719408035
0.07435526698827744
0.2318166047334671
0.14310219883918762
0.22650618851184845
0.0823274478316307
0.042090509086847305
0.06645592302083969
0.027904190123081207
0.06348340213298798
0.03834998607635498
0.31245848536491394
0.2406417280435562
0.23091237246990204
0.28852370381355286
0.03242965042591095
0.043528031557798386
0.11080964654684067
0.039785683155059814
0.27696433663368225
0.2750595510005951
0.20732654631137848
0.0723593533039093
0.28965210914611816
0.1250976324081421
0.2547226846218109
0.09272660315036774
0.284440279006958
0.11390344798564911
0.11660867929458618
0.020001625642180443
0.18546459078788757
0.09383687376976013
0.07057439535856247
0.11078344285488129
0.05868283659219742
0.1003270298242569
0.030643107369542122
0.047285471111536026
0.1331631988286972
0.2628166973590851
0.033918336033821106
0.057748325169086456
0.4649617373943329
0.05213894322514534
0.16409634053707123
0.05997024476528168
0.1887325793504715
0.13488860428333282
0.036569174379110336
0.19100046157836914
0.12631714344024658
0.0292705986648798
0.1383240669965744
0.20093293488025665
0.08854103088378906
0.25880372524261475
0.03220546245574951
0.05257613956928253
0.025001781061291695
0.0895623117685318
0.06547965854406357
0.13017773628234863
0.05912373214960098
0.0681673213839531
0.08742356300354004
0.18296192586421967
0.020107759162783623
0.19188691675662994
0.3487035632133484
0.20197255909442902
0.11472734808921814
0.4172036349773407
0.12445259094238281
0.1687740534543991
0.3067956268787384
0.0402071550488472
0.06975939124822617
0.09405876696109772
0.06137499213218689
0.10530290007591248
0.3301100432872772
0.07597081363201141
0.1955784559249878
0.1253301054239273
0.21825717389583588
0.1071331650018692
0.12470322847366333
0.2555883526802063
0.13520129024982452
0.02615288272500038
0.1998845338821411
0.07982290536165237
0.12708427011966705
0.1975664645433426
0.05526665598154068
0.09201760590076447
0.2102208286523819
0.2866082191467285
0.09688963741064072
0.02590678632259369
0.07661385089159012
0.05555623024702072
0.0767538845539093
0.030891835689544678
0.06159454956650734
0.19846783578395844
0.0882338285446167
0.17373667657375336
0.03228561580181122
0.07509453594684601
0.06068932265043259
0.11398286372423172
0.03612698242068291
0.0103461854159832
0.02471572905778885
0.033090557903051376
0.04610350728034973
0.16685453057289124
0.16729441285133362
0.30903974175453186
0.03261500597000122
0.15626105666160583
0.05821438506245613
0.06780504435300827
0.04485755041241646
0.1352623850107193
0.1030631810426712
0.08101671189069748
0.06615062803030014
0.09759663790464401
0.15697288513183594
0.1299431174993515
0.16097262501716614
0.11251842230558395
0.03922538086771965
0.09144023805856705
0.24836204946041107
0.4656215310096741
0.20263251662254333
0.11522931605577469
0.10368705540895462
0.04587965086102486
0.520816445350647
0.1782166212797165
0.07621002197265625
0.1825553923845291
0.15130510926246643
0.05998881533741951
0.264263391494751
0.14963658154010773
0.20404459536075592
0.3494418263435364
0.1957545429468155
0.0780341699719429
0.10921663045883179
0.16002026200294495
0.25782454013824463
0.21103139221668243
0.13313625752925873
0.12831097841262817
0.14246727526187897
0.1184563934803009
0.09694480895996094
0.23611098527908325
0.23738814890384674
0.07032559812068939
0.2516283094882965
0.1415543258190155
0.0324610099196434
0.03440479189157486
0.13917826116085052
0.08584772795438766
0.24751365184783936
0.24853453040122986
0.08010115474462509
0.159833624958992
0.08727169036865234
0.0692472755908966
0.11052750796079636
0.1342252641916275
0.02549889124929905
0.09460709244012833
0.06932800263166428
0.20556354522705078
0.10248361527919769
0.07786580920219421
0.05567852407693863
0.0681496188044548
0.26040929555892944
0.05146796256303787
0.2155943065881729
0.2838204801082611
0.025416620075702667
0.06106099113821983
0.040239833295345306
0.11882380396127701
0.05694945901632309
0.03195551410317421
0.20300817489624023
0.09854141622781754
0.02984749898314476
0.45293128490448
0.04640483111143112
0.17514795064926147
0.05183780565857887
0.029982779175043106
0.305727481842041
0.12043546140193939
0.21279847621917725
0.09835968166589737
0.15658429265022278
0.050555817782878876
0.030090268701314926
0.1526709794998169
0.16393183171749115
0.023235199972987175
0.022229749709367752
0.01821744814515114
0.12066087871789932
0.13756023347377777
0.10558871179819107
0.0357300229370594
0.21733707189559937
0.06267298012971878
0.0776679664850235
0.09397891908884048
0.18626122176647186
0.2972058057785034
0.11100999265909195
0.0929805263876915
0.032046761363744736
0.03925028070807457
0.11952347308397293
0.17904701828956604
0.19884009659290314
0.4981691539287567
0.13284768164157867
0.19901810586452484
0.20388348400592804
0.2279365211725235
0.014707162044942379
0.21438457071781158
0.1057359054684639
0.19595541059970856
0.146236389875412
0.24261346459388733
0.07164578139781952
0.062203481793403625
0.035046614706516266
0.1689964383840561
0.06424854695796967
0.12025502324104309
0.22588542103767395
0.21531811356544495
0.06852614879608154
0.08508261293172836
0.23818457126617432
0.21338269114494324
0.09024247527122498
0.37589919567108154
0.032377131283283234
0.019260097295045853
0.05586869269609451
0.10647939145565033
0.1647288203239441
0.29568296670913696
0.11125094443559647
0.12345638871192932
0.18313051760196686
0.28814756870269775
0.21696113049983978
0.11957422643899918
0.36361047625541687
0.09301964938640594
0.08812519907951355
0.033416688442230225
0.06874942034482956
0.08008112013339996
0.08253941684961319
0.03918449580669403
0.20731718838214874
0.18080981075763702
0.04925689846277237
0.10990636050701141
0.10593768954277039
0.10754790902137756
0.05944124236702919
0.08133071660995483
0.10117192566394806
0.04984939098358154
0.24351274967193604
0.04640980809926987
0.1115327700972557
0.08740363270044327
0.06384876370429993
0.052432917058467865
0.08340533077716827
0.1527668833732605
0.1624733805656433
0.05863520875573158
0.08570503443479538
0.036915373057127
0.06615453958511353
0.04247669503092766
0.1270817518234253
0.050106730312108994
0.3654383718967438
0.021054008975625038
0.2483852505683899
0.15556088089942932
0.009767313487827778
0.046093303710222244
0.2317810207605362
0.017658796161413193
0.16913510859012604
0.16052813827991486
0.23676326870918274
0.11248890310525894
0.3090560734272003
0.0656621903181076
0.12313603609800339
0.16755516827106476
0.22952258586883545
0.1583285927772522
0.2260505110025406
0.1159764975309372
0.24728967249393463
0.1169428825378418
0.0848405659198761
0.11000353842973709
0.1076217070221901
0.0946652889251709
0.20272377133369446
0.20689918100833893
0.26274096965789795
0.09352012723684311
0.10198351740837097
0.11776135861873627
0.08126191049814224
0.10197634994983673
0.021768292412161827
0.14958800375461578
0.04926406964659691
0.05589620769023895
0.3927939236164093
0.03833307698369026
0.07422152906656265
0.011959454976022243
0.25137779116630554
0.01701783947646618
0.26300233602523804
0.6466305255889893
