0.1913686841726303
0.12142779678106308
0.0726357251405716
0.10622034221887589
0.11849024146795273
0.3098251521587372
0.2586771249771118
0.15235869586467743
0.3374800682067871
0.09040391445159912
0.17254523932933807
0.22898808121681213
0.37070298194885254
0.16702961921691895
0.3204557001590729
0.09908872842788696
0.10128380358219147
0.0948600247502327
0.23658432066440582
0.20977269113063812
0.091490738093853
0.3920651078224182
0.08565020561218262
0.1108623594045639
0.10833296924829483
0.4230232536792755
0.21990203857421875
0.09219864755868912
0.289353609085083
0.2417173683643341
0.23926478624343872
0.2344563901424408
0.09700269997119904
0.1996043622493744
0.1640026569366455
0.16228288412094116
0.1786871999502182
0.1705256700515747
0.1740271896123886
0.14729027450084686
0.15854845941066742
0.2972755432128906
0.2219991385936737
0.259823203086853
0.09703055769205093
0.07484892755746841
0.10785699635744095
0.25650498270988464
0.10010436177253723
0.07593409717082977
0.4563073217868805
0.1488381326198578
0.19746582210063934
0.1570231169462204
0.15379434823989868
0.3123742640018463
0.15504616498947144
0.11954353749752045
0.47773516178131104
0.1483619213104248
0.3456220030784607
0.03261326253414154
0.0859861820936203
0.18777522444725037
0.20221491158008575
0.1371624916791916
0.2688315808773041
0.25953686237335205
0.27414000034332275
0.14744582772254944
0.17851108312606812
0.16940782964229584
0.12186407297849655
0.12928348779678345
0.22388164699077606
0.11169639229774475
0.2522421181201935
0.1204083263874054
0.28720277547836304
0.30558744072914124
0.17663812637329102
0.197218120098114
0.029227912425994873
0.13486766815185547
0.1682194620370865
0.4188957214355469
0.253503680229187
0.12431932240724564
0.34812840819358826
0.1910373419523239
0.282198041677475
0.14870670437812805
0.14240586757659912
0.24232210218906403
0.1558215469121933
0.19594837725162506
0.27801430225372314
0.4088347554206848
0.25346606969833374
0.12450557947158813
0.19928863644599915
0.13381601870059967
0.12948642671108246
0.2028241604566574
0.14512160420417786
0.2744796872138977
0.11486957967281342
0.08548326790332794
0.08719071000814438
0.23369117081165314
0.11933605372905731
0.08868556469678879
0.15735980868339539
0.0669335201382637
0.1797085851430893
0.10122421383857727
0.02406291291117668
0.10873784869909286
0.0794590413570404
0.06704935431480408
0.09683926403522491
0.19081519544124603
0.12375998497009277
0.1289002001285553
0.25054216384887695
0.09375648200511932
0.019224362447857857
0.17043772339820862
0.2040875256061554
0.3227715790271759
0.0504986047744751
0.4066331088542938
0.0988280326128006
0.29201576113700867
0.3193115293979645
0.31785860657691956
0.19550611078739166
0.2547239661216736
0.2619647979736328
0.14060108363628387
0.17355139553546906
0.2158772349357605
0.37075451016426086
0.17027634382247925
0.3948372006416321
0.09267054498195648
0.13756726682186127
0.19394341111183167
0.24032145738601685
0.12796148657798767
0.2171488106250763
0.13931290805339813
0.17529314756393433
0.15602156519889832
0.24615326523780823
0.3700505197048187
0.4751424789428711
0.3128451406955719
0.1877562552690506
0.1946534812450409
0.21138279139995575
0.16666221618652344
0.13935399055480957
0.1614626944065094
0.21402601897716522
0.294566810131073
0.2640032470226288
0.19135001301765442
0.0996960997581482
0.1814989298582077
0.04311085864901543
0.28359514474868774
0.3092350661754608
0.1347641795873642
0.1398654282093048
0.23728662729263306
0.20399542152881622
0.20992860198020935
0.2610504627227783
0.19741690158843994
0.06066475808620453
0.1220383271574974
0.14304351806640625
0.19372397661209106
0.08952678740024567
0.2767038643360138
0.1456346958875656
0.21533042192459106
0.1171196773648262
0.22685278952121735
0.19657422602176666
0.21421296894550323
0.08151744306087494
0.041142191737890244
0.14479000866413116
0.21216703951358795
0.14910700917243958
0.16477926075458527
0.2546219229698181
0.10198468714952469
0.19281645119190216
0.07770244032144547
0.20776048302650452
0.22282534837722778
0.14435622096061707
0.2805979549884796
0.37815746665000916
0.361008882522583
0.371570885181427
0.15516529977321625
0.14273163676261902
0.13537892699241638
0.21207381784915924
0.12907923758029938
0.12390299141407013
0.12532161176204681
0.259724885225296
0.1550050973892212
0.21373485028743744
0.18899527192115784
0.3019302189350128
0.17476312816143036
0.14654451608657837
0.1980326771736145
0.06613253802061081
0.38910019397735596
0.11583232134580612
0.33635273575782776
0.06327275931835175
0.1446673423051834
0.1080109030008316
0.12011192739009857
0.10285778343677521
0.15796159207820892
0.10032952576875687
0.07475434988737106
0.1957518607378006
0.11579790711402893
0.16226236522197723
0.4521195888519287
0.22714447975158691
0.19900700449943542
0.1745985895395279
0.1715768575668335
0.17725996673107147
0.48741427063941956
0.42010846734046936
0.2250438630580902
0.13082681596279144
0.23189038038253784
0.2758461534976959
0.13123390078544617
0.13014104962348938
0.18886485695838928
0.13545294106006622
0.18829144537448883
0.10951585322618484
0.12769323587417603
0.09805024415254593
0.26455873250961304
0.34718939661979675
0.3506911098957062
0.39822152256965637
0.10391781479120255
0.23568354547023773
0.22066329419612885
0.20584236085414886
0.11730671674013138
0.25701475143432617
0.16443558037281036
0.21802407503128052
0.1793256402015686
0.20643526315689087
0.10142086446285248
0.09071175009012222
0.18489108979701996
0.23409803211688995
0.2711188495159149
0.1441832035779953
0.09945287555456161
0.1554638296365738
0.13155090808868408
0.15316125750541687
0.16452953219413757
0.1664648950099945
0.22408027946949005
0.2881827652454376
0.2585863769054413
0.23971392214298248
0.20900923013687134
0.057536762207746506
0.13768358528614044
0.1085597574710846
0.1923704296350479
0.1108192428946495
0.16271640360355377
0.1720859259366989
0.30802834033966064
0.15064780414104462
0.1427914798259735
0.1783405989408493
0.038133278489112854
0.05453147366642952
0.07309558242559433
0.1489998698234558
0.24239970743656158
0.24032443761825562
0.3687717914581299
0.08751630038022995
0.09769446402788162
0.1073451042175293
0.4390803575515747
0.21801921725273132
0.09799817949533463
0.16184310615062714
0.23771129548549652
0.26019731163978577
0.059805627912282944
0.08681387454271317
0.1796729862689972
0.3332729935646057
0.1916690468788147
0.320396363735199
0.11772561073303223
0.07097353041172028
0.39794695377349854
0.15453548729419708
0.08769936859607697
0.2998681366443634
0.46187910437583923
0.30515238642692566
0.21321187913417816
0.08636825531721115
0.14381977915763855
0.17650970816612244
0.21451696753501892
0.28547078371047974
0.1550142616033554
0.144577756524086
0.14595556259155273
0.19323034584522247
0.09598233550786972
0.14421996474266052
0.0935274139046669
0.05341414734721184
0.2756830155849457
0.18394240736961365
0.04306700453162193
0.14737087488174438
0.10786397010087967
0.2245238572359085
0.09631319344043732
0.10920790582895279
0.17990544438362122
0.23408164083957672
0.4419928193092346
0.29637157917022705
0.09528603404760361
0.18737946450710297
0.3162879943847656
0.223673477768898
0.12436791509389877
0.19578832387924194
0.40756988525390625
0.2629261612892151
0.2165619134902954
0.1019492968916893
0.10553997755050659
0.23743748664855957
0.22399701178073883
0.1325242668390274
0.06663485616445541
0.17972683906555176
0.1865781843662262
0.08033078908920288
0.19698388874530792
0.15411357581615448
0.10139525681734085
0.18970263004302979
0.16890564560890198
0.28870534896850586
0.21634799242019653
0.22325602173805237
0.19592081010341644
0.3211100697517395
0.0334508903324604
0.053631071001291275
0.1835518479347229
0.1001201868057251
0.09916906803846359
0.12304945290088654
0.1161578819155693
0.1679583638906479
0.09039206802845001
0.1374615877866745
0.08846152573823929
0.18099170923233032
0.25251227617263794
0.1245737373828888
0.15221668779850006
0.06860198080539703
0.057067155838012695
0.08526530116796494
0.32735559344291687
0.06596243381500244
0.17856205999851227
0.21655014157295227
0.1149136871099472
0.10064344853162766
0.04702190309762955
0.18236209452152252
0.23255854845046997
0.23104819655418396
0.3515293002128601
0.10657242685556412
0.3125144839286804
0.08974616229534149
0.2623334228992462
0.20332978665828705
0.27490657567977905
0.16670109331607819
0.13935737311840057
0.1421939581632614
0.12498384714126587
0.3117958903312683
0.1427127718925476
0.16552551090717316
0.17232482135295868
0.1454772651195526
0.17722387611865997
0.18655015528202057
0.14566612243652344
0.10170567780733109
0.05275528132915497
0.1498517245054245
0.10161443799734116
0.09982996433973312
0.05129550024867058
0.17681309580802917
0.18977411091327667
0.07336334139108658
0.24122342467308044
0.27769455313682556
0.1841389536857605
0.3955630362033844
0.21957571804523468
0.28291475772857666
0.1756773740053177
0.17443373799324036
0.08759217709302902
0.12476451694965363
0.2828094959259033
0.18326522409915924
0.060692597180604935
0.23979732394218445
0.21383140981197357
0.35005438327789307
0.11489184200763702
0.15108904242515564
0.1784110814332962
0.26548072695732117
0.19739508628845215
0.2403717041015625
0.18155553936958313
0.10743669420480728
0.09296761453151703
0.3654272258281708
0.2974106967449188
0.15521879494190216
0.19864381849765778
0.10385459661483765
0.07843690365552902
0.06789132952690125
0.2113652527332306
0.03753973916172981
0.11517002433538437
0.07586216926574707
0.12116595357656479
0.2628699243068695
0.013133098371326923
0.023620963096618652
0.19563518464565277
0.06402282416820526
0.03276190161705017
0.1287083923816681
0.026662496849894524
0.23721924424171448
0.1756073385477066
0.13252654671669006
0.3828957974910736
0.22794075310230255
0.2828752398490906
0.4419214427471161
0.15496434271335602
0.1671430468559265
0.30126968026161194
0.1562366485595703
0.1351226270198822
0.17245922982692719
0.2662399709224701
0.22175303101539612
0.06926938891410828
0.2571212351322174
0.2621617019176483
0.21194234490394592
0.1572471559047699
0.07429546862840652
0.2965783476829529
0.1854662448167801
0.25059765577316284
0.151942178606987
0.08589034527540207
0.1429096758365631
0.3028424382209778
0.165066197514534
0.14727218449115753
0.44906458258628845
0.1626705378293991
0.21746794879436493
0.1509294956922531
0.12866058945655823
0.18469680845737457
0.08892539143562317
0.22190622985363007
0.13777369260787964
0.19447562098503113
0.09897800534963608
0.03791430592536926
0.06835872679948807
0.1010979488492012
0.10922050476074219
0.1071162149310112
0.028266306966543198
0.4416859447956085
0.14279955625534058
0.05899108201265335
0.27838659286499023
0.1353551298379898
0.2765502631664276
0.4741174280643463
0.20665815472602844
0.12831635773181915
0.4174518287181854
0.1654401421546936
0.050119124352931976
0.11958588659763336
0.19709567725658417
0.14000709354877472
0.1876579225063324
0.28125980496406555
0.20113784074783325
0.30237433314323425
0.32186219096183777
0.19109295308589935
0.13380001485347748
0.14726895093917847
0.2746002972126007
0.2721865773200989
0.0867776870727539
0.2130582183599472
0.2952759563922882
0.28013354539871216
0.17251986265182495
0.09928369522094727
0.2667393386363983
0.1316848248243332
0.35720330476760864
0.0598965547978878
0.15631712973117828
0.16199836134910583
0.024553170427680016
0.09052503108978271
0.07213476300239563
0.11736485362052917
0.10146143287420273
0.13309459388256073
0.1912909299135208
0.37972119450569153
0.15237370133399963
0.19018635153770447
0.39256566762924194
0.07023423165082932
0.15548460185527802
0.10684627294540405
0.1922561228275299
0.29920339584350586
0.23491470515727997
0.4110969007015228
0.12804248929023743
0.24098369479179382
0.25869613885879517
0.05625198781490326
0.1859234720468521
0.22219552099704742
0.06983780115842819
0.2696751654148102
0.11320175230503082
0.12132319062948227
0.16254563629627228
0.15905913710594177
0.1128351092338562
0.3025434613227844
0.17779535055160522
0.17445340752601624
0.24688874185085297
0.13105203211307526
0.2531852424144745
0.2934722304344177
0.4515308737754822
0.28853610157966614
0.27481818199157715
0.09797374159097672
0.17425990104675293
0.15778300166130066
0.19588175415992737
0.1758906990289688
0.25592827796936035
0.08579558879137039
0.2909383475780487
0.06307659298181534
0.2006901651620865
0.10871760547161102
0.17086829245090485
0.2167760282754898
0.11039010435342789
0.13201311230659485
0.6356759071350098
0.20288804173469543
0.186872199177742
0.3668714165687561
0.09829425811767578
0.1537960320711136
0.13351352512836456
0.2618594467639923
0.16263622045516968
0.14556480944156647
0.22964799404144287
0.24072745442390442
0.19100457429885864
0.07428095489740372
0.15266038477420807
0.286062628030777
0.12450625747442245
0.2941027283668518
0.12983189523220062
0.1508949249982834
0.06829030811786652
0.20415247976779938
0.0645328089594841
0.12501777708530426
0.1732700616121292
0.10948631167411804
0.05122573673725128
0.24079950153827667
0.1442597508430481
0.07847905158996582
0.1701820343732834
0.29873573780059814
0.3190586566925049
0.08843552321195602
0.2567221224308014
0.13091997802257538
0.4187634289264679
0.24053628742694855
0.10018813610076904
0.13055282831192017
0.15071237087249756
0.269975483417511
0.1384354680776596
0.17054826021194458
0.1895449310541153
0.038777418434619904
0.17730912566184998
0.2364000827074051
0.06256061792373657
0.22752737998962402
0.19781483709812164
0.16545158624649048
0.17826978862285614
0.055166080594062805
0.1948636919260025
0.09948156774044037
0.20026466250419617
0.15134982764720917
0.11704420298337936
0.05808006599545479
0.21857134997844696
0.08531449735164642
0.2595086693763733
0.17732442915439606
0.20632249116897583
0.2862159013748169
0.11921098828315735
0.2868906557559967
0.20901186764240265
0.16060753166675568
0.25558701157569885
0.12767206132411957
0.10556163638830185
0.199163019657135
0.246567040681839
0.14587920904159546
0.29063880443573
0.06707467138767242
0.1477554738521576
0.2953362464904785
0.08049862831830978
0.22759677469730377
0.3803882896900177
0.18345287442207336
0.18899686634540558
0.09532710909843445
0.24032188951969147
0.11369971930980682
0.07853186875581741
0.06365106999874115
0.11204449832439423
0.1643519103527069
0.04249981418251991
0.08464030176401138
0.23850829899311066
0.05394142493605614
0.21836771070957184
0.1773742437362671
0.37733274698257446
0.304126501083374
0.15779080986976624
0.0451357401907444
0.12797847390174866
0.177583709359169
0.11080384254455566
0.13682684302330017
0.5502661466598511
0.1771523654460907
0.14758965373039246
0.12360851466655731
0.3087388277053833
0.21310098469257355
0.05838419124484062
0.26433271169662476
0.20180027186870575
0.20021089911460876
0.11645624041557312
0.09545212239027023
0.390607088804245
0.13734866678714752
0.2245587408542633
0.05752228945493698
0.16816915571689606
0.30511415004730225
0.09973862767219543
0.10052084922790527
0.1794935017824173
0.10723865032196045
0.18472200632095337
0.11311595886945724
0.09097015857696533
0.2059009075164795
0.03233570232987404
0.20594507455825806
0.08674510568380356
0.20127946138381958
0.2560860216617584
0.25359728932380676
0.06520174443721771
0.32854610681533813
0.20307543873786926
0.2287866473197937
0.14040149748325348
0.09335551410913467
0.343463659286499
0.11911867558956146
0.11240909993648529
0.24221673607826233
0.17985716462135315
0.2146701067686081
0.11772001534700394
0.37438690662384033
0.16056303679943085
0.12158896774053574
0.15497912466526031
0.30191585421562195
