0.10299964249134064
0.08871950954198837
0.10279934108257294
0.08484670519828796
0.13824740052223206
0.13450901210308075
0.1945599615573883
0.06895528733730316
0.07519403845071793
0.04439518228173256
0.043796129524707794
0.23108050227165222
0.05445306375622749
0.05372118204832077
0.1610029935836792
0.22600170969963074
0.08131870627403259
0.07030289620161057
0.028159331530332565
0.0450693778693676
0.022750889882445335
0.053343359380960464
0.08886786550283432
0.08071152865886688
0.1400528848171234
0.15028046071529388
0.11108778417110443
0.20055575668811798
0.00899677537381649
0.01952613703906536
0.03332285210490227
0.06016306206583977
0.3198581635951996
0.022927895188331604
0.26789259910583496
0.10125421732664108
0.06407506763935089
0.13247878849506378
0.2199406772851944
0.08522529900074005
0.0803384780883789
0.05126022547483444
0.11043998599052429
0.06558218598365784
0.1256188601255417
0.1786874681711197
0.1174488365650177
0.15653224289417267
0.17560534179210663
0.1917872130870819
0.10617375373840332
0.22698456048965454
0.1922616809606552
0.09110923856496811
0.06865806132555008
0.01925135962665081
0.2547551095485687
0.06199626624584198
0.039564236998558044
0.09721004962921143
0.1787329763174057
0.05077297240495682
0.1359434276819229
0.14367660880088806
0.23140938580036163
0.12584172189235687
0.08766041696071625
0.35246285796165466
0.18830043077468872
0.043637558817863464
0.23600153625011444
0.12248259037733078
0.05458788573741913
0.0761256143450737
0.10904204100370407
0.06802818179130554
0.14261582493782043
0.11040076613426208
0.09449666738510132
0.04987262189388275
0.16612301766872406
0.07203502953052521
0.1075519323348999
0.10407312214374542
0.08987975865602493
0.22517719864845276
0.12951168417930603
0.036936674267053604
0.12919481098651886
0.04060618206858635
0.0563942976295948
0.0457637682557106
0.03201529011130333
0.04631887376308441
0.10160272568464279
0.03866971656680107
0.06753954291343689
0.030725808814167976
0.004663074854761362
0.28647544980049133
0.15993738174438477
0.12252333760261536
0.17395931482315063
0.1610308438539505
0.028047924861311913
0.05826016515493393
0.09168482571840286
0.07097624242305756
0.09708503633737564
0.025797761976718903
0.21774247288703918
0.2328169047832489
0.30816182494163513
0.16216762363910675
0.13870979845523834
0.10638163238763809
0.022571854293346405
0.2070370465517044
0.10062417387962341
0.12912552058696747
0.06150061637163162
0.09460163116455078
0.05620874837040901
0.13447920978069305
0.054198287427425385
0.12652461230754852
0.03430915251374245
0.0831976979970932
0.19642429053783417
0.07620522379875183
0.20022648572921753
0.22760404646396637
0.19757241010665894
0.11176358163356781
0.08370046317577362
0.024007318541407585
0.05433597043156624
0.14892363548278809
0.1924232542514801
0.060083914548158646
0.13156890869140625
0.19910137355327606
0.017165882512927055
0.2682735025882721
0.1454726606607437
0.449106901884079
0.37448257207870483
0.03359682112932205
0.17549127340316772
0.02914215624332428
0.08325792104005814
0.13766321539878845
0.0877445638179779
0.2720494568347931
0.12913256883621216
0.35403338074684143
0.07728900015354156
0.11151760071516037
0.11828675866127014
0.062160223722457886
0.14911092817783356
0.11699866503477097
0.160554438829422
0.06731639802455902
0.12786908447742462
0.052598875015974045
0.0875789001584053
0.04933026432991028
0.045679543167352676
0.10740065574645996
0.05965075269341469
0.02842676267027855
0.07699722051620483
0.025093602016568184
0.05393621325492859
0.029278498142957687
0.3786207437515259
0.3158044219017029
0.051973722875118256
0.06433341652154922
0.030057907104492188
0.1363668441772461
0.02238219976425171
0.18149270117282867
0.18861189484596252
0.030680563300848007
0.05827024579048157
0.06634291261434555
0.13247749209403992
0.14336350560188293
0.013318069279193878
0.15711651742458344
0.08744499087333679
0.15256349742412567
0.14894290268421173
0.17881259322166443
0.084104523062706
0.02285165712237358
0.026482032611966133
0.047441426664590836
0.058285247534513474
0.028976203873753548
0.07700369507074356
0.13525548577308655
0.07667461782693863
0.04248204827308655
0.16051727533340454
0.06991099566221237
0.07229159772396088
0.016829924657940865
0.10464729368686676
0.33815163373947144
0.0674416571855545
0.2134765237569809
0.14763730764389038
0.20370754599571228
0.18165352940559387
0.014792082831263542
0.20442822575569153
0.06222915276885033
0.045144952833652496
0.09805794060230255
0.09676267951726913
0.030069496482610703
0.03722827881574631
0.03357904404401779
0.09813063591718674
0.07108088582754135
0.022822098806500435
0.05629386752843857
0.015155614353716373
0.056315068155527115
0.024507803842425346
0.08224692195653915
0.02364514209330082
0.06454172730445862
0.05407923460006714
0.05403238162398338
0.17111901938915253
0.05875328928232193
0.20254406332969666
0.0399763323366642
0.10675185918807983
0.23698654770851135
0.034500956535339355
0.010222419165074825
0.08214578032493591
0.0643257349729538
0.14058168232440948
0.032674551010131836
0.30004069209098816
0.03222353011369705
0.01767757348716259
0.0759614109992981
0.01570575311779976
0.05335352197289467
0.2793523371219635
0.07700997591018677
0.06462984532117844
0.12493545562028885
0.1413990557193756
0.19391202926635742
0.06521222740411758
0.08455821126699448
0.2373008280992508
0.13973058760166168
0.24563764035701752
0.1439695954322815
0.09540324658155441
0.03624597191810608
0.1560121774673462
0.029681365936994553
0.10033975541591644
0.201615571975708
0.16932658851146698
0.08820542693138123
0.1730360984802246
0.09243279695510864
0.1070544570684433
0.03277099132537842
0.06688248366117477
0.12037423253059387
0.07440723478794098
0.12303315103054047
0.10271035134792328
0.1576903760433197
0.05567641928792
0.040666062384843826
0.03775298222899437
0.13395817577838898
0.13593396544456482
0.061264894902706146
0.009168194606900215
0.18556687235832214
0.09201915562152863
0.026201928034424782
0.12866012752056122
0.03067893721163273
0.21969933807849884
0.008222879841923714
0.3462790548801422
0.07988865673542023
0.22466497123241425
0.21988829970359802
0.02041764371097088
0.12039700150489807
0.03846197947859764
0.09365399926900864
0.06604616343975067
0.08078212291002274
0.14413504302501678
0.16387145221233368
0.042303651571273804
0.11925797164440155
0.040214139968156815
0.11951591819524765
0.07345658540725708
0.053156428039073944
0.31894057989120483
0.1343364268541336
0.027945857495069504
0.12112675607204437
0.03746727108955383
0.07707314938306808
0.04532413184642792
0.15002870559692383
0.11590151488780975
0.07360260933637619
0.18085463345050812
0.04327445477247238
0.2207871824502945
0.07243714481592178
0.09667237848043442
0.36751118302345276
0.13802748918533325
0.2450176179409027
0.16085296869277954
0.34873276948928833
0.35195106267929077
0.2587640583515167
0.1984349638223648
0.19159770011901855
0.08093425631523132
0.10060340911149979
0.29927706718444824
0.2224942296743393
0.11400274187326431
0.18326425552368164
0.2998014986515045
0.11936209350824356
0.1533719152212143
0.07843082398176193
0.17849864065647125
0.15558095276355743
0.09634794294834137
0.07950663566589355
0.03792525455355644
0.16781221330165863
0.12263980507850647
0.04617158696055412
0.06360689550638199
0.20114991068840027
0.01227059867233038
0.3724557161331177
0.08199317753314972
0.0397796630859375
0.09315215796232224
0.17397765815258026
0.20015506446361542
0.01939397305250168
0.06952653080224991
0.16040778160095215
0.1306663155555725
0.05427419766783714
0.4554389715194702
0.02549944818019867
0.05401414632797241
0.33722516894340515
0.04793045297265053
0.1695902943611145
0.21485255658626556
0.1577882021665573
0.06814529746770859
0.16336460411548615
0.039043303579092026
0.05696890503168106
0.027126481756567955
0.104367196559906
0.07425928115844727
0.05599863454699516
0.33015191555023193
0.14206989109516144
0.09550526738166809
0.18566076457500458
0.049574870616197586
0.087534099817276
0.06989897042512894
0.034662190824747086
0.20832519233226776
0.19297431409358978
0.13441772758960724
0.14390535652637482
0.19369566440582275
0.12067103385925293
0.14179113507270813
0.2840341031551361
0.06459064781665802
0.26408103108406067
0.12230989336967468
0.033960189670324326
0.09534094482660294
0.30663537979125977
0.08181808143854141
0.09227976202964783
0.18938493728637695
0.06762783229351044
0.0749373659491539
0.11320484429597855
0.03596395254135132
0.2107730209827423
0.11328168958425522
0.09122022986412048
0.21007844805717468
0.22866244614124298
0.05779097229242325
0.17969314754009247
0.05533965677022934
0.10992718487977982
0.04591454565525055
0.12165773659944534
0.14728744328022003
0.3048876225948334
0.11688420176506042
0.17210230231285095
0.18559829890727997
0.16976062953472137
0.06438644230365753
0.18504402041435242
0.02887088805437088
0.3112095296382904
0.08339100331068039
0.1316148042678833
0.06363421678543091
0.041113920509815216
0.11555572599172592
0.016511358320713043
0.026764536276459694
0.1348765343427658
0.12763001024723053
0.1798965036869049
0.14232681691646576
0.3126237094402313
0.07694017142057419
0.12020896375179291
0.04449618235230446
0.10961081087589264
0.09446167200803757
0.07927455008029938
0.04143743962049484
0.20738336443901062
0.03431807830929756
0.09918905049562454
0.08511982858181
0.19707979261875153
0.1492050439119339
0.07967094331979752
0.09822580218315125
0.09496904164552689
0.07575764507055283
0.14103442430496216
0.017229361459612846
0.11344185471534729
0.09526940435171127
0.07458120584487915
0.20014123618602753
0.14743876457214355
0.17830389738082886
0.07658424228429794
0.057530470192432404
0.04490194842219353
0.06768498569726944
0.044296134263277054
0.11796759814023972
0.1557188779115677
0.10725653916597366
0.19475175440311432
0.11901362240314484
0.06880217790603638
0.020027590915560722
0.13905055820941925
0.06497611105442047
0.2224421352148056
0.27554044127464294
0.02324686199426651
0.13779625296592712
0.14469286799430847
0.03744066134095192
0.4097210764884949
0.17355084419250488
0.20988917350769043
0.11750157177448273
0.09059645980596542
0.13862015306949615
0.12582264840602875
0.039641011506319046
0.12530428171157837
0.2106471061706543
0.10334403067827225
0.06841430068016052
0.06272710114717484
0.12174895405769348
0.04818941280245781
0.12809431552886963
0.1094837635755539
0.20364907383918762
0.2881724238395691
0.22382110357284546
0.03685354068875313
0.05923628807067871
0.12794339656829834
0.026088112965226173
0.21374821662902832
0.33862796425819397
0.00868247076869011
0.06526796519756317
0.016628695651888847
0.027184393256902695
0.34073930978775024
0.032073188573122025
0.2521224617958069
0.17127619683742523
0.013022057712078094
0.036908093839883804
0.104233019053936
0.29603609442710876
0.22719381749629974
0.2248639613389969
0.09767752140760422
0.0871635377407074
0.022578783333301544
0.03559686988592148
0.05587424710392952
0.03298858553171158
0.07058478146791458
0.23132306337356567
0.2521543502807617
0.15614095330238342
0.1179240345954895
0.20626160502433777
0.11339659243822098
0.10430001467466354
0.22774170339107513
0.05154119431972504
0.11489233374595642
0.12411534041166306
0.06951980292797089
0.07848688215017319
0.20840762555599213
0.22053901851177216
0.20493705570697784
0.07053708285093307
0.021545561030507088
0.08482177555561066
0.19174742698669434
0.03310525417327881
0.1960148960351944
0.20031540095806122
0.03948439285159111
0.039312124252319336
0.046830449253320694
0.0736829936504364
0.07886146754026413
0.08707938343286514
0.23714010417461395
0.034791696816682816
0.05803060159087181
0.09375961869955063
0.03491171821951866
0.07279976457357407
0.2284827083349228
0.13394547998905182
0.087555430829525
0.061568669974803925
0.20824061334133148
0.04018605127930641
0.13956113159656525
0.04648531228303909
0.28377148509025574
0.03364931046962738
0.1505676656961441
0.06913559883832932
0.23779624700546265
0.08771152794361115
0.24859213829040527
0.0510161891579628
0.2163543999195099
0.13421715795993805
0.019887596368789673
0.3899745047092438
0.23188398778438568
0.0509558841586113
0.0835314691066742
0.08773496747016907
0.09221592545509338
0.04783450812101364
0.14783290028572083
0.09513819962739944
0.4085828363895416
0.0994495078921318
0.05598979443311691
0.07195568084716797
0.20168328285217285
0.07122280448675156
0.21173235774040222
0.1469406634569168
0.08577170968055725
0.13991136848926544
0.06948448717594147
0.4172079563140869
0.2386215776205063
0.12473668903112411
0.044878922402858734
0.12294963002204895
0.1348937749862671
0.14091038703918457
0.05303102359175682
0.21736657619476318
0.09151025116443634
0.08198331296443939
0.020462578162550926
0.19744464755058289
0.09707412868738174
0.21017926931381226
0.04165080562233925
0.04384087026119232
0.04007800668478012
0.10744430124759674
0.4476125240325928
0.30478084087371826
0.04402422904968262
0.09055168926715851
0.03511006012558937
0.3079604506492615
0.031860049813985825
0.10540977120399475
0.16147415339946747
0.30999326705932617
0.04787979647517204
0.03419665992259979
0.030631134286522865
0.04202614724636078
0.02459646947681904
0.04763667285442352
0.021433107554912567
0.19431528449058533
0.031810611486434937
0.2551742196083069
0.1665221005678177
0.19373954832553864
0.1361628621816635
0.01730114407837391
0.07349298149347305
0.17647074162960052
0.07695041596889496
0.06097617372870445
0.12278662621974945
0.059715479612350464
0.03779704496264458
0.2890874147415161
0.07132518291473389
0.14862138032913208
0.09701910614967346
0.14745581150054932
0.13725276291370392
0.1881244033575058
0.26261138916015625
0.09504852443933487
0.07472341507673264
0.31384146213531494
0.14996278285980225
0.13459303975105286
0.21679086983203888
0.19219958782196045
0.03528330847620964
0.18445320427417755
0.11617996543645859
0.0469655767083168
0.10826355218887329
0.22846804559230804
0.04300004243850708
0.04486227035522461
0.05202052742242813
0.0797959640622139
0.039239149540662766
0.16429921984672546
0.0764101967215538
0.2639947533607483
0.10023566335439682
0.12152191251516342
0.19615912437438965
0.08954624086618423
0.09215226769447327
0.035876329988241196
0.09705913066864014
0.0667058527469635
0.24312841892242432
0.1579127311706543
0.12055128067731857
0.0917932465672493
0.1991647183895111
0.04707738757133484
0.18852898478507996
0.08979951590299606
0.11280369758605957
0.07292259484529495
0.07593827694654465
0.09877610206604004
0.03322494402527809
0.09896545112133026
0.17979949712753296
0.19198384881019592
0.12252063304185867
0.15154613554477692
0.12287060171365738
0.20480623841285706
0.1769469678401947
0.28603261709213257
0.13788889348506927
0.036065686494112015
0.10853248089551926
0.11145910620689392
0.06993354111909866
0.44418564438819885
0.3406248986721039
0.07234322279691696
0.08166033029556274
0.08647690713405609
0.10614258050918579
0.18814726173877716
0.12775306403636932
0.2316451221704483
0.08813556283712387
0.07138394564390182
0.0822242721915245
0.2258496880531311
0.06212058663368225
0.20902051031589508
0.04333285987377167
0.1443873941898346
0.051343802362680435
0.06444965302944183
0.030165376141667366
0.06478223949670792
0.07944009453058243
0.04373208433389664
0.17036674916744232
0.27571922540664673
0.10399745404720306
0.02680041640996933
0.11208750307559967
0.01732807792723179
0.0688677728176117
0.22419868409633636
0.1412975937128067
0.14384295046329498
0.018659723922610283
0.018392808735370636
0.0699726939201355
0.03982844203710556
0.054042283445596695
0.04547097161412239
0.037739600986242294
0.1644262671470642
0.014863429591059685
0.11898064613342285
0.042907293885946274
0.028269130736589432
0.01269777212291956
0.21275615692138672
0.24329254031181335
0.11291918903589249
0.003200181294232607
