0.19502860307693481
0.015695588663220406
0.009531382471323013
0.015108397230505943
0.023634804412722588
0.049349814653396606
0.08669564127922058
0.10058198124170303
0.01395672932267189
0.012799001298844814
0.016693418845534325
0.22470156848430634
0.03829061612486839
0.054685432463884354
0.019462186843156815
0.08579231798648834
0.02365414798259735
0.011859778314828873
0.039128098636865616
0.006213572341948748
0.008723362348973751
0.015248013660311699
0.051515910774469376
0.006748686078935862
0.05333913862705231
0.0618324838578701
0.019548695534467697
0.006281435489654541
0.014637582004070282
0.048908717930316925
0.022553833201527596
0.21435073018074036
0.012662701308727264
0.0028218638617545366
0.09879141300916672
0.003138375235721469
0.004492970183491707
0.0031528249382972717
0.11004850268363953
0.03260115534067154
0.002574041485786438
0.029282601550221443
0.18999357521533966
0.0025969839189201593
0.005056165158748627
0.06629759073257446
0.17809371650218964
0.0061926040798425674
0.018672695383429527
0.00901961699128151
0.08962699770927429
0.004166107624769211
0.0035584880970418453
0.012055485509335995
0.00641627237200737
0.057421401143074036
0.09013944119215012
0.007487380411475897
0.027307480573654175
0.09373437613248825
0.18086206912994385
0.07322996109724045
0.18066245317459106
0.01388899888843298
0.027401382103562355
0.006175552029162645
0.01616976410150528
0.0185695830732584
0.031035274267196655
0.04994693398475647
0.011496191844344139
0.14766792953014374
0.10094424337148666
0.1051158681511879
0.18814702332019806
0.006625748239457607
0.06931699812412262
0.19585761427879333
0.010578482411801815
0.0978248193860054
0.013533702120184898
0.033844154328107834
0.01630977913737297
0.16064132750034332
0.09666554629802704
0.09555526822805405
0.047766778618097305
0.01645467057824135
0.02319580316543579
0.20547665655612946
0.1782747507095337
0.025725074112415314
0.009507505223155022
0.03081909567117691
0.03191265091300011
0.1519482284784317
0.1223858967423439
0.0951341912150383
0.030241457745432854
0.007207727991044521
0.10166668891906738
0.1655874103307724
0.052937813103199005
0.01869668997824192
0.03130229189991951
0.0291360504925251
0.3549964427947998
0.026746761053800583
0.07751549035310745
0.007414977997541428
0.012302650138735771
0.014946343377232552
0.01483235415071249
0.00651177205145359
0.04791950061917305
0.021352650597691536
0.010360244661569595
0.013544953428208828
0.008097461424767971
0.009036761708557606
0.054241906851530075
0.03797224909067154
0.09468939155340195
0.15622739493846893
0.003943013027310371
0.01752801425755024
0.21801891922950745
0.0341651551425457
0.0607546903192997
0.0038803108036518097
0.008483432233333588
0.03530845046043396
0.03675176575779915
0.24849319458007812
0.048159658908843994
0.007773157209157944
0.0058901370503008366
0.006531987804919481
0.5004948973655701
0.0059307957999408245
0.10593792796134949
0.008157964795827866
0.012824277393519878
0.042627714574337006
0.033993445336818695
0.04473298788070679
0.025379404425621033
0.019520986825227737
0.10447920858860016
0.019181080162525177
0.21898432075977325
0.008231294341385365
0.05471799895167351
0.007615658454596996
0.024580582976341248
0.11865174025297165
0.3413560092449188
0.0240517258644104
0.20420518517494202
0.029834266752004623
0.07070738077163696
0.16424712538719177
0.030331704765558243
0.13026519119739532
0.016337299719452858
0.036239806562662125
0.16039803624153137
0.07056891918182373
0.02397117018699646
0.009575920179486275
0.026878975331783295
0.04866743087768555
0.05007144808769226
0.006976944860070944
0.007694014813750982
0.09480635076761246
0.027690500020980835
0.015296711586415768
0.00455879420042038
0.0340084470808506
0.04766201972961426
0.013929772190749645
0.10367867350578308
0.1140475645661354
0.025443170219659805
0.1747642308473587
0.020677154883742332
0.04865947738289833
0.05750097334384918
0.016037095338106155
0.17515619099140167
0.02561107464134693
0.019560033455491066
0.060161005705595016
0.018674813210964203
0.012929975055158138
0.27945512533187866
0.009970911778509617
0.1015276163816452
0.09042804688215256
0.12596729397773743
0.04873558133840561
0.05622914806008339
0.07103607803583145
0.010413436219096184
0.0527099147439003
0.006515730172395706
0.17075574398040771
0.013400346972048283
0.06343192607164383
0.062300268560647964
0.07780462503433228
0.025192491710186005
0.062467511743307114
0.06704993546009064
0.08650869876146317
0.019352495670318604
0.030124126002192497
0.017209749668836594
0.06148988753557205
0.12808606028556824
0.06532231718301773
0.025694817304611206
0.011944384314119816
0.02805221639573574
0.017647389322519302
0.028754007071256638
0.16626478731632233
0.08136388659477234
0.013796418905258179
0.029557786881923676
0.4341824948787689
0.029692623764276505
0.009664151817560196
0.01474893931299448
0.030544530600309372
0.020500844344496727
0.05078202486038208
0.011947445571422577
0.02408452145755291
0.005541275255382061
0.01277217362076044
0.01049085147678852
0.008639916777610779
0.0028740372508764267
0.04413421079516411
0.054797038435935974
0.2047218233346939
0.10542808473110199
0.0436224602162838
0.06621769815683365
0.004748630803078413
0.0251359511166811
0.05276556313037872
0.3851521909236908
0.009312114678323269
0.15497200191020966
0.008618348278105259
0.031035365536808968
0.0322699211537838
0.09407681226730347
0.026038290932774544
0.029854176566004753
0.06700893491506577
0.012972736731171608
0.020735200494527817
0.022787392139434814
0.015981463715434074
0.03766068071126938
0.21929484605789185
0.11980770528316498
0.0050971293821930885
0.11189822852611542
0.0296925138682127
0.09831301867961884
0.007308942265808582
0.007687776815146208
0.01075828354805708
0.01381952129304409
0.05450562760233879
0.25929924845695496
0.10013371706008911
0.028973273932933807
0.010325263254344463
0.03143996745347977
0.009316210635006428
0.058372754603624344
0.044466644525527954
0.11383699625730515
0.04992039501667023
0.02495492994785309
0.014294163323938847
0.010065927170217037
0.005442004185169935
0.13395676016807556
0.014785648323595524
0.07591504603624344
0.010867641307413578
0.1440332978963852
0.0147618493065238
0.18274545669555664
0.1044905036687851
0.0587160624563694
0.040198370814323425
0.04712584987282753
0.029874438419938087
0.09940855205059052
0.02835836261510849
0.018832238391041756
0.12436719238758087
0.06720442324876785
0.10619546473026276
0.15565259754657745
0.008671130985021591
0.040645912289619446
0.0034636373165994883
0.04651285707950592
0.026763634756207466
0.008726724423468113
0.035296015441417694
0.023251622915267944
0.23270846903324127
0.035527803003787994
0.0953984260559082
0.009806330315768719
0.0711374431848526
0.004440981894731522
0.010980327613651752
0.08816679567098618
0.02692081779241562
0.024329643696546555
0.34025487303733826
0.3650262653827667
0.029875803738832474
0.0718274712562561
0.035765938460826874
0.0814056470990181
0.008512655273079872
0.04903358966112137
0.06374518573284149
0.03186306357383728
0.01948724128305912
0.05520159378647804
0.05228195711970329
0.06912654638290405
0.06753795593976974
0.01014957670122385
0.18261568248271942
0.027827005833387375
0.031549032777547836
0.009725268930196762
0.008099135011434555
0.27623626589775085
0.20668309926986694
0.13830320537090302
0.026333263143897057
0.026526518166065216
0.20765261352062225
0.01569284312427044
0.07782051712274551
0.02322891354560852
0.14423781633377075
0.04893049597740173
0.06964263319969177
0.05781540274620056
0.07628842443227768
0.2611132562160492
0.048406098037958145
0.06781512498855591
0.04313075542449951
0.029487816616892815
0.021177226677536964
0.14598050713539124
0.034555044025182724
0.055296339094638824
0.22013717889785767
0.08781598508358002
0.03514213487505913
0.053186219185590744
0.040208131074905396
0.05195439234375954
0.008868067525327206
0.027302918955683708
0.028139516711235046
0.002719281706959009
0.053841013461351395
0.031515490263700485
0.0037760527338832617
0.04972470551729202
0.0031151901930570602
0.3005661368370056
0.010874697007238865
0.023533225059509277
0.006867347285151482
0.004695405717939138
0.009284386411309242
0.0039504170417785645
0.11058749258518219
0.006595626939088106
0.18021264672279358
0.07116483896970749
0.061491552740335464
0.00861343927681446
0.0394853800535202
0.006148012820631266
0.05373266711831093
0.0027344846166670322
0.00654895743355155
0.02199378050863743
0.14281418919563293
0.012700347229838371
0.020725036039948463
0.017857659608125687
0.026613187044858932
0.0373065322637558
0.05051170662045479
0.017565647140145302
0.11721187829971313
0.01282087154686451
0.005581016186624765
0.20235587656497955
0.09808538109064102
0.05403854697942734
0.10014348477125168
0.006283665541559458
0.014263764023780823
0.025998737663030624
0.01268378272652626
0.030200336128473282
0.014762639999389648
0.20603200793266296
0.0133197121322155
0.17819614708423615
0.1763019859790802
0.024170417338609695
0.002724578371271491
0.026573458686470985
0.1014367863535881
0.007593544665724039
0.04225904121994972
0.030762504786252975
0.03906473517417908
0.1187705248594284
0.052052825689315796
0.19515055418014526
0.010540860705077648
0.01028277538716793
0.06394162774085999
0.1874629557132721
0.005713054910302162
0.3401874005794525
0.022260047495365143
0.04591131955385208
0.017146354541182518
0.10577985644340515
0.016195058822631836
0.03128816559910774
0.10218844562768936
0.008105721324682236
0.26343822479248047
0.017667138949036598
0.17665936052799225
0.02061396837234497
0.14631028473377228
0.08167815208435059
0.12457740306854248
0.014400851912796497
0.011229453608393669
0.07244602590799332
0.024319471791386604
0.07556671649217606
0.03219318017363548
0.053961895406246185
0.08036963641643524
0.205451101064682
0.019449014216661453
0.10996102541685104
0.10347792506217957
0.015982355922460556
0.0076334779150784016
0.03679155185818672
0.05648505315184593
0.07038427889347076
0.054487306624650955
0.06299658864736557
0.058248698711395264
0.029477521777153015
0.06418175250291824
0.012144937179982662
0.043960683047771454
0.0865340605378151
0.04728773608803749
0.02781863324344158
0.040690161287784576
0.2605486214160919
0.27329733967781067
0.05663130059838295
0.036238688975572586
0.18261082470417023
0.07984091341495514
0.059251781553030014
0.05374782532453537
0.08505529165267944
0.0058477758429944515
0.03851372003555298
0.014315612614154816
0.008908683434128761
0.0917322188615799
0.04608317092061043
0.007940164767205715
0.027158105745911598
0.027662988752126694
0.006668025627732277
0.04382603242993355
0.020417826250195503
0.037158943712711334
0.013973886147141457
0.19512169063091278
0.0035220507998019457
0.16086658835411072
0.010630707256495953
0.01238891389220953
0.22047197818756104
0.02961675450205803
0.008209185674786568
0.14421525597572327
0.13795967400074005
0.34583088755607605
0.048951052129268646
0.016985177993774414
0.007568215951323509
0.06077795475721359
0.05378009378910065
0.07059227675199509
0.02079499326646328
0.2899678349494934
0.018741225823760033
0.010229737497866154
0.06939772516489029
0.18727192282676697
0.04487151280045509
0.3418808579444885
0.13690422475337982
0.07993322610855103
0.12787564098834991
0.027965374290943146
0.17153653502464294
0.03312653303146362
0.06666798889636993
0.07236070185899734
0.033941566944122314
0.023884359747171402
0.09838996827602386
0.049111053347587585
0.012612638995051384
0.018172843381762505
0.09325699508190155
0.0579414963722229
0.010273845866322517
0.034933771938085556
0.021958211436867714
0.08011216670274734
0.17720581591129303
0.02928769588470459
0.012754622846841812
0.008830631151795387
0.0337713323533535
0.008749162778258324
0.021357351914048195
0.05951757729053497
0.005361076444387436
0.007187747396528721
0.029336901381611824
0.05540851131081581
0.05616926774382591
0.12263254076242447
0.006179495248943567
0.03411383181810379
0.012218624353408813
0.0367988683283329
0.04263588786125183
0.27147141098976135
0.02859131246805191
0.06848800927400589
0.0030833983328193426
0.3239422142505646
0.008242389187216759
0.009218374267220497
0.004815968684852123
0.0494425892829895
0.004948736634105444
0.07863043993711472
0.011396452784538269
0.007988260127604008
0.028160037472844124
0.005873748101294041
0.011488819494843483
0.010244705714285374
0.009492402896285057
0.015436613000929356
0.16603246331214905
0.04155610874295235
0.2401118129491806
0.041839953511953354
0.012408670037984848
0.07663410156965256
0.026541871950030327
0.015432481653988361
0.027464596554636955
0.005294136703014374
0.13223406672477722
0.08762091398239136
0.0569288469851017
0.020735571160912514
0.07871165126562119
0.014912664890289307
0.021449649706482887
0.09091593325138092
0.042955636978149414
0.15908825397491455
0.19263087213039398
0.0036997830029577017
0.08563218265771866
0.016389373689889908
0.017148075625300407
0.1640516072511673
0.10790983587503433
0.05804497376084328
0.15318600833415985
0.03893586993217468
0.05229710415005684
0.010209491476416588
0.16073408722877502
0.0685836598277092
0.23188571631908417
0.1896732747554779
0.013630116358399391
0.030039910227060318
0.07283170521259308
0.08809059858322144
0.11407368630170822
0.08489673584699631
0.24764195084571838
0.12296608090400696
0.029816916212439537
0.11014748364686966
0.16017256677150726
0.06025690212845802
0.2967263460159302
0.10327523946762085
0.12696443498134613
0.13553528487682343
0.044570013880729675
0.05286190286278725
0.11430424451828003
0.017908111214637756
0.036040049046278
0.0681995302438736
0.21448980271816254
0.14103779196739197
0.07975880056619644
0.08651595562696457
0.07873433083295822
0.010941114276647568
0.09287146478891373
0.05942768231034279
0.05533398687839508
0.07730254530906677
0.041435182094573975
0.13634468615055084
0.03721893951296806
0.07156717777252197
0.0557112954556942
0.05374707281589508
0.16993167996406555
0.2032615840435028
0.01958606205880642
0.15083004534244537
0.13447518646717072
0.07770416140556335
0.016094287857413292
0.11970175057649612
0.08226057142019272
0.08961689472198486
0.07250572741031647
0.03593774512410164
0.12687987089157104
0.014926399104297161
0.10483858734369278
0.09914635866880417
0.028333546593785286
0.05242884159088135
0.10066058486700058
0.0709979310631752
0.11378900706768036
0.015364443883299828
0.08245307207107544
0.19705672562122345
0.02194107137620449
0.05886154994368553
0.34460556507110596
0.02358533814549446
0.19004766643047333
0.011014129035174847
0.008946998976171017
0.08741133660078049
0.02245870791375637
0.1465303599834442
0.054599158465862274
0.0680152028799057
0.17961916327476501
0.04876445606350899
0.1294063776731491
0.03929061070084572
0.06298105418682098
0.029525551944971085
0.024428896605968475
0.10367333143949509
0.01266180258244276
0.02889089286327362
0.11280066519975662
0.0443996898829937
0.041845452040433884
0.05146251246333122
0.13053904473781586
0.09462735801935196
0.013872402720153332
0.02067522145807743
0.049602799117565155
0.004793671891093254
0.007236435543745756
0.3099185526371002
0.23779092729091644
0.034893698990345
0.06551754474639893
0.07907478511333466
0.12934884428977966
0.011857411824166775
0.061726007610559464
0.06853535771369934
0.03612905740737915
0.023578444495797157
0.03500523790717125
0.047165706753730774
0.07953320443630219
0.0030908489134162664
0.0033466750755906105
0.016780275851488113
0.02901391126215458
0.044085048139095306
0.17631590366363525
0.07703611254692078
0.16889667510986328
0.021420976147055626
0.14100314676761627
0.06904034316539764
0.06436331570148468
0.3501318097114563
0.06723371893167496
0.056911054998636246
0.1954299956560135
0.10864046961069107
0.04388624429702759
0.4322289228439331
0.289320170879364
0.41000768542289734
0.05829652398824692
0.03338256850838661
0.09768705070018768
0.1846393346786499
0.03163093701004982
0.15738943219184875
0.04125698655843735
0.057197440415620804
0.06739985942840576
0.05796490237116814
0.07566778361797333
0.05271603912115097
0.04435965046286583
0.027359209954738617
0.03456718474626541
0.0624862015247345
