0.6818029880523682
0.7073661088943481
0.6769632697105408
0.7083679437637329
0.6946147084236145
0.6818351745605469
0.6617627143859863
0.692987322807312
0.6859220266342163
0.6529792547225952
0.65240478515625
0.6589126586914062
0.6040855646133423
0.5711455941200256
0.623327910900116
0.5696452856063843
0.6719508171081543
0.543320894241333
0.7647387385368347
0.6111541390419006
0.5128993391990662
0.7197791934013367
0.7881654500961304
0.705785870552063
0.6581024527549744
0.6364842653274536
0.6513118147850037
0.7274278402328491
0.5933671593666077
0.7212661504745483
0.6835058331489563
0.7480969429016113
0.615882396697998
0.6438960433006287
0.6494916677474976
0.6401075720787048
0.6404739022254944
0.6638813614845276
0.5944541096687317
0.631886899471283
0.5441817045211792
0.5461745858192444
0.6132605671882629
0.5153742432594299
0.5097898840904236
0.3168979585170746
0.5120006203651428
0.3574053943157196
0.41144973039627075
0.4908865690231323
0.5041396021842957
0.5269808769226074
0.42282402515411377
0.47955143451690674
0.5960538387298584
0.43262800574302673
0.26358741521835327
0.8403318524360657
0.448141485452652
0.3689195215702057
0.3486427068710327
0.6755855679512024
0.5458072423934937
0.5367512702941895
0.5384845733642578
0.5302966833114624
0.5025092363357544
0.40755757689476013
0.5604530572891235
0.4628058969974518
0.5690696835517883
0.5205931663513184
0.39369359612464905
0.5022616982460022
0.4168221354484558
0.3860009014606476
0.4690850079059601
0.41520875692367554
0.36900049448013306
0.5355444550514221
0.49531710147857666
0.482505738735199
0.5328457951545715
0.38733476400375366
0.31274348497390747
0.27772167325019836
0.4198526442050934
0.3288367688655853
0.34569910168647766
0.2994321882724762
0.3072672188282013
0.3360845446586609
0.27447569370269775
0.6143447756767273
0.3731221556663513
0.4612656831741333
0.5208048820495605
0.28635847568511963
0.5667093396186829
0.2894267737865448
0.5095411539077759
0.5788677334785461
0.4161379039287567
0.338104784488678
0.4134921729564667
0.5968092679977417
0.5393120646476746
0.2886399030685425
0.48238325119018555
0.29874569177627563
0.38435667753219604
0.38397216796875
0.3706231415271759
0.3703536093235016
0.46593666076660156
0.22902190685272217
0.29641637206077576
0.24741628766059875
0.2731393575668335
0.5265524983406067
0.44285887479782104
0.48708024621009827
0.2605173587799072
0.5233721137046814
0.5730222463607788
0.40334466099739075
0.35649144649505615
0.3612743616104126
0.34299013018608093
0.40256357192993164
0.39006417989730835
0.3402763307094574
0.31299787759780884
0.22743327915668488
0.3540390133857727
0.2623395323753357
0.34475642442703247
0.1965763419866562
0.35427922010421753
0.2847331464290619
0.46323296427726746
0.28301987051963806
0.353655606508255
0.24511392414569855
0.23166559636592865
0.26742035150527954
0.2852972149848938
0.3187062442302704
0.5680801272392273
0.3809792101383209
0.20522968471050262
0.25699278712272644
0.33803123235702515
0.19415932893753052
0.24364052712917328
0.22080719470977783
0.3491652309894562
0.5903065800666809
0.4248693585395813
0.3466998040676117
0.2656933665275574
0.4538288712501526
0.3602478504180908
0.4240393042564392
0.4196590781211853
0.287512868642807
0.21034657955169678
0.31043124198913574
0.3797227144241333
0.4901786148548126
0.2574431300163269
0.46423739194869995
0.5439952611923218
0.2728061378002167
0.2843295931816101
0.3471803069114685
0.3184112012386322
0.5810967683792114
0.2851186692714691
0.30050376057624817
0.34261268377304077
0.3040144443511963
0.3712572753429413
0.2265537977218628
0.3730281889438629
0.419752836227417
0.32662278413772583
0.28138282895088196
0.22658085823059082
0.3668060898780823
0.22102417051792145
0.5081741213798523
0.3379407227039337
0.20655475556850433
0.30415230989456177
0.4740780293941498
0.41872814297676086
0.3744851052761078
0.3801155388355255
0.27602437138557434
0.3659522831439972
0.27118980884552
0.35920122265815735
0.30499035120010376
0.2959044873714447
0.38974857330322266
0.1277838945388794
0.52425217628479
0.299633651971817
0.40997034311294556
0.15192344784736633
0.24979379773139954
0.2646031379699707
0.3412448763847351
0.529121458530426
0.14060327410697937
0.16127485036849976
0.263153076171875
0.5415394306182861
0.3167404532432556
0.283038854598999
0.19411908090114594
0.4042837917804718
0.2362823188304901
0.16751457750797272
0.21110805869102478
0.29872816801071167
0.36336401104927063
0.16918659210205078
0.2431868612766266
0.2929726243019104
0.5590190887451172
0.1893339902162552
0.3147106468677521
0.5439662933349609
0.5505771040916443
0.18807782232761383
0.1987757682800293
0.4610801339149475
0.18144652247428894
0.3339225649833679
0.4269818365573883
0.319336861371994
0.2568311393260956
0.24153389036655426
0.17728117108345032
0.14892986416816711
0.287689745426178
0.370491087436676
0.22617214918136597
0.2255549132823944
0.2330659180879593
0.38530367612838745
0.23562124371528625
0.303057998418808
0.3762577772140503
0.43502894043922424
0.3507116436958313
0.24266687035560608
0.3667675852775574
0.457011342048645
0.44772976636886597
0.2606310546398163
0.2897012531757355
0.20258963108062744
0.20385019481182098
0.29124996066093445
0.35303106904029846
0.3310362696647644
0.4229258596897125
0.5246533155441284
0.4458702504634857
0.1986360251903534
0.22774995863437653
0.2791769802570343
0.30813440680503845
0.47109588980674744
0.3295958638191223
0.2972123622894287
0.19741976261138916
0.3999255895614624
0.23116101324558258
0.30430811643600464
0.3520365059375763
0.31132546067237854
0.4291324019432068
0.21434833109378815
0.3267565667629242
0.3051062822341919
0.20125874876976013
0.26636046171188354
0.17181015014648438
0.306331992149353
0.31072887778282166
0.42071834206581116
0.3127591907978058
0.3382982611656189
0.3891802728176117
0.3689834773540497
0.31232571601867676
0.31159549951553345
0.3352828919887543
0.1513177454471588
0.265034943819046
0.13263872265815735
0.1594720184803009
0.27664318680763245
0.38070642948150635
0.13723643124103546
0.37957125902175903
0.31311240792274475
0.43826913833618164
0.34249672293663025
0.3189677298069
0.28653091192245483
0.37643977999687195
0.7857047915458679
0.20276229083538055
0.24772100150585175
0.3034198582172394
0.2315540611743927
0.22823502123355865
0.2889610528945923
0.46544769406318665
0.1900661140680313
0.41491299867630005
0.3062095046043396
0.2236640453338623
0.20487378537654877
0.21543057262897491
0.12581688165664673
0.2873532474040985
0.27955278754234314
0.24729318916797638
0.1193917766213417
0.12700575590133667
0.15822260081768036
0.07334794849157333
0.05491132661700249
0.5183118581771851
0.2737528085708618
0.570364773273468
0.7777041792869568
0.5753070116043091
0.15362393856048584
0.21795368194580078
0.46523937582969666
0.24444034695625305
0.3528639078140259
0.4755754768848419
0.30773216485977173
0.38789835572242737
0.1881224513053894
0.433628648519516
0.45879942178726196
0.4108000695705414
0.2747695744037628
0.3454045057296753
0.28048375248908997
0.379170686006546
0.3059995472431183
0.2413923591375351
0.2747041583061218
0.1498989462852478
0.17588649690151215
0.12637552618980408
0.16766926646232605
0.07052867859601974
0.33846935629844666
0.2985359728336334
0.2551944851875305
0.26933935284614563
0.3754127025604248
0.49582597613334656
0.39609336853027344
0.3521609604358673
0.303516685962677
0.27980706095695496
0.18632303178310394
0.22958895564079285
0.5127288699150085
0.22826054692268372
0.187770813703537
0.29548048973083496
0.22662250697612762
0.16475722193717957
0.30372536182403564
0.34025704860687256
0.35012340545654297
0.2706529498100281
0.2107987254858017
0.36368992924690247
0.33432328701019287
0.2990185618400574
0.23528407514095306
0.29465529322624207
0.22421032190322876
0.4519445598125458
0.20873022079467773
0.29405921697616577
0.1958024799823761
0.15408816933631897
0.3341893255710602
0.2767033576965332
0.21226966381072998
0.3223085403442383
0.3937654495239258
0.3269471228122711
0.2887952923774719
0.2961726784706116
0.1215922012925148
0.24982500076293945
0.28873756527900696
0.26399338245391846
0.17936548590660095
0.5548001527786255
0.2505679726600647
0.3975723683834076
0.304159551858902
0.34397685527801514
0.27132105827331543
0.11902816593647003
0.17621538043022156
0.07588605582714081
0.4037666916847229
0.2245861142873764
0.3240506649017334
0.11643202602863312
0.21973226964473724
0.31845584511756897
0.46689140796661377
0.30575329065322876
0.2940041422843933
0.3103584051132202
0.2704375088214874
0.3680915832519531
0.2096535712480545
0.31468555331230164
0.1336599439382553
0.2722227871417999
0.29793888330459595
0.2921346127986908
0.18540403246879578
0.1837293803691864
0.21217581629753113
0.27332744002342224
0.31581127643585205
0.33915889263153076
0.14600926637649536
0.3093428909778595
0.34054890275001526
0.13244594633579254
0.3644489347934723
0.3311142027378082
0.26955702900886536
0.4702664017677307
0.17109662294387817
0.15462446212768555
0.3636850416660309
0.40348148345947266
0.2313327044248581
0.2986769676208496
0.1526094526052475
0.19069892168045044
0.3282342553138733
0.32333266735076904
0.13371498882770538
0.18534107506275177
0.27472200989723206
0.3344743251800537
0.06805519014596939
0.4214894771575928
0.1699356734752655
0.179845929145813
0.16010065376758575
0.3265567719936371
0.3588636517524719
0.24070529639720917
0.2244221270084381
0.37203726172447205
0.3576277494430542
0.35214120149612427
0.27646005153656006
0.19019615650177002
0.25506192445755005
0.26232871413230896
0.36325153708457947
0.18564866483211517
0.41425225138664246
0.2830646336078644
0.35391125082969666
0.41669610142707825
0.21716760098934174
0.3042963743209839
0.15474073588848114
0.23632195591926575
0.24975493550300598
0.25611087679862976
0.3087122142314911
0.26098790764808655
0.2131899893283844
0.18766961991786957
0.1827094703912735
0.12322784960269928
0.4376457929611206
0.31586024165153503
0.20351152122020721
0.44932061433792114
0.14320828020572662
0.46388086676597595
0.4563107490539551
0.2122378945350647
0.14989805221557617
0.44962257146835327
0.174778550863266
0.34239062666893005
0.26075994968414307
0.379625141620636
0.3276195824146271
0.2677326798439026
0.47499769926071167
0.24804005026817322
0.25047725439071655
0.18591660261154175
0.29336756467819214
0.12911279499530792
0.29224082827568054
0.31713542342185974
0.22709472477436066
0.2922481298446655
0.28960946202278137
0.1698862761259079
0.3327919542789459
0.3224376440048218
0.12930043041706085
0.30166926980018616
0.16421416401863098
0.5315995216369629
0.16902785003185272
0.21469245851039886
0.24938519299030304
0.31078261137008667
0.17465819418430328
0.2642461061477661
0.2484733611345291
0.274314284324646
0.3469844162464142
0.29966577887535095
0.14369814097881317
0.19344112277030945
0.1678517609834671
0.4385080337524414
0.32416677474975586
0.43396005034446716
0.6356719732284546
0.3457147479057312
0.2084028273820877
0.4024680554866791
0.35757556557655334
0.2934703528881073
0.2811889052391052
0.30606916546821594
0.3326450288295746
0.2856857478618622
0.21536239981651306
0.4357641041278839
0.17385737597942352
0.13395389914512634
0.13517118990421295
0.1790202409029007
0.16647180914878845
0.3374043107032776
0.3661330044269562
0.22340582311153412
0.41770583391189575
0.13710784912109375
0.24264183640480042
0.3255963921546936
0.18988999724388123
0.393553227186203
0.20737378299236298
0.36003556847572327
0.2877900004386902
0.1869574636220932
0.1579042226076126
0.24297939240932465
0.6067222952842712
0.2787119448184967
0.20726853609085083
0.16396528482437134
0.2871648371219635
0.4607258141040802
0.38802221417427063
0.12027744948863983
0.3977550268173218
0.26824524998664856
0.28701871633529663
0.2938062846660614
0.1762784719467163
0.23023000359535217
0.471643328666687
0.19310340285301208
0.14732134342193604
0.22369793057441711
0.19006213545799255
0.10292360186576843
0.24010731279850006
0.19239287078380585
0.18032589554786682
0.2789577841758728
0.21456366777420044
0.3538333475589752
0.22520962357521057
0.3921051621437073
0.32594388723373413
0.22903114557266235
0.4556633234024048
0.23322758078575134
0.088103748857975
0.2843135893344879
0.19644702970981598
0.1927625685930252
0.31004655361175537
0.2962329685688019
0.4301779270172119
0.11560927331447601
0.2536771297454834
0.27671629190444946
0.20946002006530762
0.22818692028522491
0.2027183175086975
0.1489332765340805
0.2553918659687042
0.28266045451164246
0.28570425510406494
0.2764139175415039
0.3637137711048126
0.4075731933116913
0.2032128870487213
0.3244905173778534
0.18877600133419037
0.29216286540031433
0.3222886323928833
0.22591182589530945
0.22178086638450623
0.22559167444705963
0.3454316556453705
0.2801516354084015
0.3094465732574463
0.1848025768995285
0.33878326416015625
0.2052280157804489
0.2125268578529358
0.21418112516403198
0.3565882444381714
0.3050142228603363
0.48784339427948
0.1592063158750534
0.24972054362297058
0.33789747953414917
0.26470887660980225
0.21854358911514282
0.15899062156677246
0.19075946509838104
0.3935898244380951
0.29226624965667725
0.4830757677555084
0.24167615175247192
0.2526758909225464
0.2559930980205536
0.15363569557666779
0.11495257914066315
0.12709173560142517
0.2142842561006546
0.20397110283374786
0.2765466868877411
0.3015528619289398
0.23971886932849884
0.23280225694179535
0.16806890070438385
0.08805248141288757
0.27588748931884766
0.3206130266189575
0.40743640065193176
0.28129032254219055
0.23119443655014038
0.1763390749692917
0.19615735113620758
0.1206478700041771
0.18554943799972534
0.3435021936893463
0.18038176000118256
0.19983553886413574
0.43424251675605774
0.15458256006240845
0.3037263751029968
0.0884062796831131
0.33035168051719666
0.06253108382225037
0.19875545799732208
0.4018877446651459
0.3687604069709778
0.21019741892814636
0.3918040990829468
0.4845365881919861
0.3033542037010193
0.16950573027133942
0.4932921826839447
0.4457056224346161
0.3565422594547272
0.2133323848247528
0.41113170981407166
0.22035551071166992
0.29880616068840027
0.21950922906398773
0.28431257605552673
0.22994676232337952
0.31353792548179626
0.12036598473787308
0.14029282331466675
0.11631865054368973
0.303762286901474
0.23793551325798035
0.149685338139534
0.2271307110786438
0.07690557837486267
0.27155956625938416
0.2966756224632263
0.1349761039018631
0.43069177865982056
0.10555852949619293
0.3485419750213623
0.21434363722801208
0.14176766574382782
0.06495169550180435
0.06323853880167007
0.1531628966331482
0.06942062079906464
0.3027245104312897
0.19133974611759186
0.13324449956417084
0.12403145432472229
0.504815936088562
0.09042610973119736
0.4386652410030365
0.47203558683395386
0.21205516159534454
0.27158084511756897
0.18439750373363495
0.3775253891944885
0.19283604621887207
0.1507803350687027
0.29134270548820496
0.3389526307582855
0.16360622644424438
0.2330583930015564
0.17702391743659973
0.16808202862739563
0.23120133578777313
0.19406816363334656
0.1759355664253235
0.4197331666946411
0.3159715533256531
0.10861458629369736
0.16409088671207428
0.21033622324466705
0.0665082260966301
0.2155362367630005
0.27872589230537415
0.27350980043411255
0.1383098065853119
0.1318741738796234
0.13863228261470795
0.06973472237586975
0.10280279070138931
0.2913479804992676
0.31429025530815125
0.42663320899009705
0.1644260734319687
0.16063711047172546
0.36528846621513367
0.014401006512343884
